0.001973966
0.99707115
0.9973605
0.8856541
0.8992761
0.018135535
0.98887223
0.9987696
0.7892436
0.9977337
0.002937934
0.001491552
0.00010800919
0.12690465
6.272509e-05
0.9886425
0.97686964
0.9171497
0.9300238
0.0005633918
2.635857e-05
0.004541787
4.962454e-05
0.95941967
0.7008175
0.9999994
0.008865768
0.0010368417
0.99999976
0.04243101
0.91631866
0.9807699
0.010809767
0.0003519125
0.99952304
0.43744746
0.04246746
0.99794537
3.7611477e-07
0.9634884
0.99998605
0.99857485
2.391167e-05
0.0003092566
0.8867894
0.3346666
1.1713215e-05
0.5755154
0.00076224195
0.00012257391
0.0192445
0.7902243
0.017538963
0.0019584526
0.99989355
0.7426494
0.013057617
0.05485977
5.5095632e-05
2.271139e-05
0.96978635
0.039005253
0.26537514
0.13367404
0.9807749
0.00019677915
0.15230748
0.012370098
0.019356586
0.99999714
4.6441703e-05
0.99411976
0.053707246
0.9991874
5.0485687e-05
0.11679111
0.0020532794
0.9979102
0.00032587483
0.09052973
0.9989911
0.9513383
0.99996245
6.3229374e-05
0.21966605
7.931582e-05
0.0010259565
0.9989579
0.99946874
0.44086564
0.05885238
0.0021766743
0.0017676043
0.0038316466
0.9775474
0.014824119
0.11021843
0.9992617
0.9314268
0.14387362
1.7757726e-05
0.62834203
0.021370443
5.7764845e-07
2.3581829e-06
0.99957734
0.027496345
0.02359184
0.8730504
0.03221088
0.90189826
0.9938319
0.39578727
0.47760814
0.9952171
0.02073053
0.99887305
0.991359
0.9998572
0.99965215
0.0005610353
0.99990916
0.9959622
0.8166093
0.06581784
0.90995526
0.99227375
0.9847494
0.99999845
0.031494215
0.007156165
0.62565905
0.04961119
0.12726843
0.029440498
0.005171161
0.6789835
0.0090018585
0.99976426
0.99998546
0.99895895
0.99996877
0.9996691
0.0005297392
0.002593667
2.767519e-05
0.005137563
7.482973e-08
3.5723137e-06
0.9888966
0.99995637
0.011821501
4.2272884e-05
0.93355906
0.973557
0.9952341
0.998978
0.032754205
0.9818584
0.99996257
4.286851e-05
8.413135e-05
0.0012522688
0.003952008
0.05301176
0.94065446
0.99999857
0.24307394
0.0024896932
0.00016672495
0.00053085125
0.023583652
0.99993074
0.0006771055
0.6877693
0.67524105
0.0024401995
0.9769867
0.0048113735
0.99833655
0.9807084
0.0098464945
0.96388453
0.80587304
0.009811183
0.99011314
0.9959407
0.00050868426
3.238262e-06
0.0144284535
6.8648864e-05
0.96462584
0.02368319
0.014384519
0.86588365
0.6989149
0.004599104
0.0003041223
0.99999857
0.9981115
0.022933373
0.0052874624
0.95320964
0.9999478
0.73570305
0.9982591
0.99961996
0.0005086518
0.00012301205
0.9996326
0.00061621435
0.9997603
0.99996793
0.0010437832
0.7129307
0.0005243994
0.8253408
0.00013903408
0.9958748
0.91566455
0.012454051
0.99993193
0.00053748843
0.0031048153
0.53406185
0.9999981
0.73324966
0.6524727
0.69052106
1.9518457e-05
0.99814963
0.058650084
0.94900113
5.5364575e-07
0.996262
0.99964607
0.99985576
1.3314994e-05
0.18464458
0.9916761
0.0009131234
0.6605099
0.9656077
0.9173186
0.9430424
0.999948
0.03853373
0.084085956
0.85898143
0.0022838362
0.999889
0.00070171186
0.1299212
0.9654226
0.98645836
0.99693656
0.87398475
0.9853655
0.17005071
0.6819378
0.15886925
0.5032646
0.99999094
0.9999658
0.9998275
0.04228099
0.9603026
0.9957491
9.298827e-07
0.99450326
0.013919633
0.0068012676
0.021872982
0.15051326
0.9962076
0.079567224
0.09209981
0.00017550678
0.0009211439
0.9988638
4.2151838e-05
0.00011706448
0.40207785
3.7635732e-07
0.00011143036
0.16755648
0.99998415
0.8824041
0.26920655
0.80669117
0.0008383132
0.00078768283
6.1343424e-05
0.77150875
0.9999031
0.5054381
0.9999207
0.9843785
0.28040367
0.0035967457
0.96884614
0.3651342
0.99985385
0.9917418
0.9999765
0.06750063
0.9907178
0.9999585
0.99873954
0.020198291
5.5244363e-05
0.0019786495
0.9438561
0.99933124
0.9987619
0.00961174
0.9939627
0.7224798
0.9833574
0.9884996
0.99783415
0.9730373
0.9998349
0.00039897303
0.3730373
0.3333184
0.0072067166
0.9940679
0.997291
0.0009831603
1.0
0.9989273
0.9999993
0.9986362
0.99989176
0.999846
0.99786085
0.9999958
0.99999297
0.9591071
0.99796546
0.41256756
0.9999927
0.30245134
0.9995498
0.742116
0.87514454
0.98096883
0.2907974
0.9225768
0.9964934
0.9805117
0.0284317
0.9867181
0.00045530268
0.999648
0.99865365
0.7692703
0.0007693997
7.853474e-05
0.9989679
0.9937816
0.9999926
0.9532509
0.9966724
0.0011298099
0.9950907
0.9992487
0.99918884
0.00013966284
0.9967404
0.22285224
0.9817711
0.0030007814
0.8029545
0.89862466
0.9070769
0.99982387
0.9747693
0.09273483
0.012681991
0.013736389
0.9999999
0.9999062
0.9945912
0.018016996
0.008063574
0.99967873
0.99999213
0.76151276
0.9999001
0.999113
0.019476626
0.8040369
0.017031519
0.99990106
0.99773186
0.3617762
0.00010490248
0.8544367
0.9999995
0.984166
0.84396255
0.9929535
0.9958341
0.11137934
0.99996877
0.9990734
0.014022411
0.6206625
0.9999924
0.7192608
0.24172348
0.013150249
0.8048194
0.1894402
0.9998129
0.7518618
0.010986824
0.006355056
0.979978
0.0010609233
0.23284492
7.1670154e-05
0.84062046
0.9991779
0.9829274
0.99882907
5.4439974e-05
0.99927515
8.6787746e-05
0.096086144
0.6486462
0.00053118577
2.7719117e-05
0.02094454
0.5364563
0.78268117
4.7372272e-05
0.99880743
0.1007648
0.84845304
0.0006147417
5.8380583e-06
0.84665525
0.9999782
0.9999981
0.0011934573
0.014610795
0.021214841
0.077984996
3.924123e-05
0.9999875
0.98803407
0.44059083
0.9993876
0.8060464
0.8354368
0.99925596
0.001540826
0.00060037733
0.0015575011
0.93630475
0.9994905
0.75756097
0.99999714
0.036643915
0.042812973
0.9969591
0.4144004
0.8556338
0.9991683
0.002321577
0.9999827
0.00065887574
0.0260128
0.99999964
0.999969
0.00069060136
0.025299534
0.999119
0.8769082
1.7777636e-05
0.80383235
3.68597e-05
0.9736495
0.12937175
0.999678
8.996207e-05
0.9516136
0.84311575
0.009659682
0.9086599
0.38174507
0.036137585
0.0003537032
0.6711548
0.9997843
0.99999976
0.00051766116
0.8813686
7.505779e-05
0.021648165
0.011041637
0.99978
0.0028812808
0.77399564
0.00095844566
0.96764976
0.0062986114
1.7462611e-06
0.017575113
0.0016150716
0.122072086
0.99977
0.9998859
2.7133501e-05
0.9945627
0.0007734273
0.9958658
0.99955326
0.9995332
0.024681557
0.69012487
0.99376786
0.99607843
0.003968798
0.99999607
0.97547513
0.9899997
0.9995561
0.9014999
0.9999962
0.99451953
3.2174594e-05
0.9381926
0.99794286
0.10659054
0.37478405
0.8381491
0.0789756
0.3223141
0.000108489985
0.9965352
0.0024853128
0.9959468
0.99999917
6.2895665e-06
0.063901365
0.00048710435
0.79479104
0.97613573
0.9999999
0.99349385
0.7203763
0.3393707
0.8983268
0.67987525
0.9987318
4.216963e-08
0.89788413
0.36007103
0.0021902733
0.9999995
0.581671
0.00024273289
0.7116657
0.0060105
0.0052299923
0.9982651
0.9999689
0.8916582
0.059696216
0.007257328
0.9949825
0.39405847
0.99293715
0.9999939
0.99010414
0.00011920509
0.56494343
0.75255394
0.9864015
0.019964494
0.0040851063
0.99999976
0.94697267
0.0009240914
0.0001458107
0.99979156
0.09112795
0.0008468416
0.0035084214
0.005971691
0.9976533
0.3346984
0.99998164
0.88755107
0.9929889
0.0009301601
0.99056363
0.6164227
0.9999968
0.5043539
0.0005790289
0.49617368
0.99979836
0.0043614665
0.999997
0.03420294
0.94467926
0.7841168
0.025953423
0.9752044
0.9907733
0.9995365
0.84704787
2.4200727e-07
0.98782897
0.9007104
0.99757177
0.26239866
0.98096496
5.141764e-06
0.0018285043
0.9999193
0.84468013
0.9078729
0.9993468
0.00047829
0.83142364
0.0006412098
0.9993025
0.99786407
0.6839408
0.0044094203
0.11591707
0.006287399
0.9777004
0.623277
0.0025299569
0.1310014
0.99834716
0.00516691
2.5259867e-05
0.06114162
0.9349483
0.83100396
0.9501116
0.999856
0.9715494
0.99708444
0.44204777
0.81309813
0.001223665
0.99423957
0.0006275728
0.99482334
0.86447245
0.9998056
0.99996567
0.0085992105
0.9723593
0.97714365
0.1763828
0.00046285984
0.99999
0.0021026544
0.32622227
0.16422227
0.9447006
0.97646767
0.35909578
0.044650614
0.9609134
0.9984999
0.0006414769
0.00022999346
0.0019508963
0.928394
0.0060514384
0.99871075
0.98772395
0.9994956
0.9998629
0.0002797753
0.9946075
0.005276028
0.93716854
0.011020959
0.00024111208
0.011053458
0.00014668576
1.0539729e-07
0.0012686786
0.9975926
0.9848066
0.0001372622
0.00088510796
0.99977225
0.0045548943
0.8911851
0.9908997
0.0060692644
0.6837135
0.0020665897
0.9947339
0.90983313
0.0023171976
0.99616385
0.070469715
0.29038417
0.92987543
0.99910814
0.79231334
0.99936074
0.005132531
0.9999505
1.0
0.9910663
0.97368115
0.97013086
0.97169715
0.57601213
0.99994993
0.9760502
0.3013961
0.43340546
0.0005266801
0.9999937
0.78185755
0.2226631
5.942457e-05
0.9997795
0.00012893285
0.99980885
0.99819094
0.00013847771
0.00043935515
0.8307572
0.47540748
0.9849681
0.9941287
7.70053e-06
0.0005459574
0.28629464
0.30531767
1.8052003e-07
0.9999541
0.9918533
0.9108584
0.9927966
0.8953933
3.878263e-05
0.0040090117
0.108279
0.9984681
0.048887197
0.03795923
0.0056568817
0.006914687
0.9961677
0.997512
0.99918693
0.0049743475
0.0021093185
0.99921834
0.012322954
0.98989516
0.9999604
6.7560933e-07
0.98762345
0.9023879
8.070347e-05
0.9948809
0.40227297
0.44621038
0.974373
0.9894711
0.9997814
0.046664983
0.9950321
0.99982554
0.00053755275
0.041453388
0.007929801
0.000113896254
0.08333777
0.00038638446
0.08438062
0.05923456
0.008005519
0.99676514
0.004929345
0.5712925
0.000370883
0.046324268
0.06290141
0.020986218
0.9998293
0.9477872
0.019588474
0.999736
0.99619436
0.00020055468
0.008153665
0.9997657
0.1734648
0.022071391
0.42918956
0.88885236
0.99279165
0.98330367
0.9987921
0.045336023
0.9900101
0.9994753
0.00063255755
0.16190076
0.99739
0.005734508
0.010313026
0.00010645354
0.99999523
0.99995494
0.9948178
0.9958216
0.027264826
0.8909191
0.13084634
0.9999944
0.99995816
0.0023059917
0.9949239
0.0011420383
0.41640192
0.013469239
0.76230955
0.0002982205
0.99993646
0.9998871
0.3129222
0.9061259
6.3266125e-06
0.9931502
0.99990356
0.0008115871
0.00035899374
0.9778276
0.99648154
0.9325984
0.6835909
0.99968207
0.9986513
0.00030632046
0.0007448739
0.9924039
0.99617827
0.9979032
0.9945973
0.0004267811
0.9431433
0.043107327
0.0026140506
0.09520762
0.019822393
0.99234605
0.536527
0.97648335
0.98660034
0.96458614
0.00021582983
0.9586229
0.00011387367
0.31890073
0.9950676
0.0017117132
0.9990808
0.63423467
0.9981027
0.9959331
3.851439e-05
0.018604387
0.002530478
0.14578305
0.00013168751
0.9999995
0.98594934
0.9927753
0.154085
0.7726511
0.016893083
0.016495245
0.015976414
0.0008525805
0.99999905
0.7080298
6.570624e-05
0.05810217
7.5458156e-06
4.7514655e-05
0.06872268
0.9699176
0.8259587
0.9990275
0.13138343
0.0011067253
0.0005986842
0.2964729
0.851513
0.98054814
0.016196687
0.44956768
0.46306127
0.9999895
0.9909498
0.0008668586
0.9930058
0.011744312
0.16260724
0.9875502
0.9720228
0.982129
0.00045444086
0.0011822359
0.00016924558
0.97923905
0.99997497
0.20547888
0.0012251053
0.8562787
0.9978237
0.00021339254
0.99406487
0.0064841732
1.0987324e-05
0.79317296
6.977538e-06
0.061634764
0.99447846
0.99994624
0.5778755
0.0010369981
0.99446094
0.99910957
0.013784651
0.99999905
0.99965394
0.00089121383
0.8874644
0.3223909
0.2417147
0.07427234
0.99999666
3.7408332e-05
0.9976041
3.303893e-05
0.3376676
0.12230734
0.99623114
0.00046825063
0.9996258
0.9997929
5.525117e-07
0.00011532706
5.7187503e-06
0.00050258386
0.9948309
0.25591388
7.735886e-05
0.99999976
0.00050633634
0.98737913
0.9993351
0.09469793
0.007512468
0.24376175
0.9986083
0.9980185
0.0006242579
0.9892616
0.0014057698
0.00041624304
0.08249654
0.997015
0.7281665
0.013316705
9.5658426e-05
0.013572845
0.14110687
0.019073376
0.0054018046
0.009209266
0.9307198
0.00046004314
1.45710765e-05
0.9971942
0.014950209
0.99971706
0.4965884
0.9055724
0.51626927
0.4835994
0.9564401
0.873251
0.9999324
0.009497795
0.99967766
0.9627703
0.9750277
0.49070007
0.99935573
0.3475856
0.90843207
0.0057666507
0.9448053
0.0013338729
0.9930856
0.99977154
0.00041405653
2.0448753e-07
0.0015194903
0.9960348
0.9999435
0.0108179385
0.00016525599
0.07087374
0.50124425
0.9968964
0.42246982
0.99994075
0.9988393
0.99755496
0.00040272376
0.83345187
0.92019045
0.093841955
0.0032448913
0.035873506
0.9944508
0.9987814
0.0054568774
0.011399977
0.00718798
0.18203476
0.14768894
1.2487401e-06
0.00035802665
0.99800736
2.9079195e-06
0.9959423
0.000105837724
0.008609218
0.0146702705
0.99936336
0.0010278162
0.99999845
0.9982468
0.9999727
0.9802501
0.7151768
0.8817379
0.0012877132
0.4378571
0.98899955
0.041409273
0.99998856
0.99970514
0.9999064
0.8264014
0.0066107437
0.077045195
0.9998386
0.9996419
0.005972118
0.04675744
0.9631701
1.9328386e-06
0.99997044
0.010087119
0.8120915
0.00011342631
0.99989486
0.99995637
0.99999976
0.99746597
0.9732646
1.6240554e-06
0.96447474
0.9999999
0.12660426
0.39569396
0.08443667
0.0006854633
0.80755514
0.99955004
0.998509
0.04956708
0.9999982
0.0061938055
0.9941947
0.0037703593
0.0006788549
0.17537212
0.94913316
0.0002842097
0.6870879
1.5196891e-06
3.227861e-07
0.04449255
2.426393e-05
0.0544379
0.13123497
0.83467007
0.00027706617
0.0012564295
0.0006063591
0.99983466
0.99945205
0.99980456
0.0051073674
0.27325824
0.22727585
0.9893532
0.99983764
0.036773488
0.021904951
0.034671538
0.02547986
0.0023643968
0.99995625
0.9999945
0.0046080146
0.9996101
0.27024683
0.63986653
1.0814681e-05
0.00043299288
0.27950794
0.002437035
0.995933
0.0004893638
0.86517334
0.92794335
0.0002488944
1.0
0.018513897
0.9900506
0.27152428
0.9943691
0.99996483
0.28124118
0.99970645
0.99950254
0.7369364
0.007935478
0.026263125
4.7998215e-05
0.2448456
0.9993573
0.99990225
0.0038469124
0.00026188453
0.99879956
0.9998652
0.9999988
0.13967142
0.9513684
0.98965466
0.58942854
0.16829908
0.9125654
0.8575121
0.0069502727
0.00074406085
0.002424363
0.99995255
0.9538142
0.09324961
0.8281296
0.9967603
0.0023228973
0.9379712
7.001667e-06
0.99950814
0.00039588416
0.0004629973
0.9821082
1.3660758e-05
0.07548879
0.99839765
0.9967109
0.05763624
0.55960107
0.12836985
0.0032665688
0.01314418
0.95915383
1.7994302e-06
0.99984694
0.23153818
0.32955596
0.4842388
2.6179982e-06
0.23301251
0.0013623494
0.99451137
0.8869829
0.9953052
0.99196625
0.9992879
0.106505
0.95147735
0.08205849
0.77733314
3.6145743e-06
0.99999535
0.674441
0.00045720566
0.9243774
0.49495643
3.472286e-06
0.3303513
0.9998615
0.3235821
0.92218846
0.24083437
0.9997737
0.9988533
0.967451
0.46850812
0.08755298
0.1356003
7.700551e-06
0.9998497
0.0004741403
0.99992526
0.24596114
0.089430295
0.061279852
0.0043809717
0.9949502
0.9917167
0.10008221
0.756153
5.881384e-05
0.0020989038
0.9955379
0.99427336
0.00085515634
0.012945613
1.5833295e-06
0.99977666
0.04490779
0.03676807
0.99687296
0.9978442
0.9999572
0.99720436
0.0018023495
0.9328695
0.00041228882
0.99979144
0.007450417
4.0566516e-05
0.0065961457
0.005490058
1.0
0.00094392954
0.9183727
0.9997843
0.97590077
0.0015865677
4.8882484e-05
0.6983072
7.198416e-06
0.15472211
0.65771055
0.99966455
0.9950507
0.015083676
8.165244e-05
0.9995351
0.006749524
0.0046846895
0.99956304
0.99995935
0.9986765
0.97632205
0.99872583
0.9933327
0.99472684
0.99998724
0.9981896
0.999984
0.9736085
0.17440349
0.9884537
0.99956924
0.0006150183
0.26889515
0.99945587
0.9544752
0.0012953274
0.0023028147
0.005165858
0.49560925
0.34014112
0.076183304
0.0029858593
0.8199389
0.995743
0.871751
0.9976272
0.88843906
0.008851173
0.0036304991
0.097238116
0.0125275655
0.998572
0.8411486
6.6348795e-05
0.9640079
0.9888102
0.9996699
0.0017877918
0.9997857
0.9963399
0.99941885
0.9987167
1.8499364e-05
0.9561396
0.037995864
0.0008436863
0.0002697231
0.12997665
0.9932955
0.014095212
0.49692732
0.16291943
0.0016565385
0.9195561
0.99946004
0.9999634
0.007927452
0.9911848
1.2624524e-05
0.9990085
0.99999774
0.9991124
0.9689381
0.9999976
0.99914455
0.012359431
0.99998677
0.11316412
0.00014931326
0.09670121
0.64963216
0.6519716
0.00021381985
0.00801041
0.00012825071
0.001212571
0.996696
0.9989856
0.005056346
0.2653293
0.0016199565
0.14553803
0.0009071905
0.9999701
0.99976546
0.028142747
0.99965906
0.00075307215
0.99999666
0.99539834
0.9962508
0.23105738
0.00019600765
0.030304193
0.7123435
0.99269015
0.95304656
0.99829155
0.9502406
0.96982926
0.9635477
0.81884056
0.0042751282
0.94337815
0.9939242
0.9966608
0.9494945
0.9999789
0.11765453
2.0017076e-05
0.079052694
0.9973213
0.077193104
0.99415475
0.001586796
0.00024076794
0.033895057
0.1677552
0.0003314988
0.00024549093
0.16720045
0.00011410367
0.0001288897
0.9994968
0.89751744
0.00023174167
0.95169014
0.9987804
0.21458009
0.016197331
0.99982446
0.9996196
0.00014225268
0.99998724
0.998431
0.012850906
0.98970556
4.0697214e-06
0.93011916
0.04284365
0.0026693372
0.030840602
0.99874157
0.9996151
0.99115753
0.9968657
0.005340509
0.9933248
0.99990535
0.9573528
0.72862154
0.089200296
0.99420846
0.0037969332
0.0001843026
0.9991799
0.00062605005
0.9716923
0.0009769282
0.90974575
0.00018004465
0.7995023
0.995545
0.00034321737
0.9340804
0.052078675
0.007928334
0.99520075
5.1274466e-05
0.0019328807
0.9999976
0.99996316
0.99999154
0.8429038
0.9994748
0.9998104
0.00021125958
1.6314758e-05
0.97948384
0.012495218
0.0004200453
0.97322786
0.003698429
0.99857974
0.00079818064
0.000102171165
0.00045614238
0.9999902
0.55506444
0.0008169564
0.96527505
0.002673029
0.1488581
0.99999547
0.6684294
0.042362336
0.9950867
0.00042594282
1.0
0.0056430697
0.055027127
0.02283869
0.98061967
0.42330503
0.92460835
0.9249965
0.016318683
0.36475977
0.000808126
0.27820712
0.08794417
0.9999932
0.04615075
0.6226582
0.49629205
0.0010730017
0.9955966
0.012694242
0.058198754
0.99939907
0.018615816
0.39965847
0.99947435
0.0058692517
0.0005231348
0.0002644392
0.0007755817
0.999992
0.44768482
0.9998797
0.8152088
0.35385638
0.03360341
0.8487548
0.0052561155
0.9985807
0.00022539849
0.03003479
0.00020286081
0.00031940633
0.002389377
0.99943894
0.99977607
0.5703003
0.9932006
0.0027598408
0.7740882
0.9081033
1.4285219e-05
0.9972254
0.9933496
0.98919463
0.13336994
0.021992005
0.00029365462
6.6601365e-06
0.32376635
0.08371868
0.104415484
0.02587038
0.00089921337
0.0006328947
0.019050356
0.99983954
0.00048705933
0.0061503365
0.9932807
0.9975089
0.976641
0.99990726
0.99703836
0.36593705
0.827846
0.9602463
0.77421963
0.3632407
0.9913578
0.8655556
0.99190396
0.23191467
0.9469592
0.004650053
0.94144183
0.98484844
0.09116785
0.0062518795
0.99955076
0.3257877
0.99928975
0.99935466
0.000109742534
0.999897
0.04018209
0.999936
0.04871589
0.9945826
1.404846e-07
0.002084245
0.019629132
0.0007602123
0.003367939
0.9846677
0.0004730776
0.9996469
0.0018485333
0.99961925
0.9778171
0.66490084
0.03647717
1.2879223e-06
0.9997874
0.99930334
0.0001819017
0.00082347874
0.15155742
0.00743784
6.046969e-06
0.9999888
0.56033653
2.4374197e-06
0.9984459
0.99977726
0.14508745
0.97239965
0.9922261
0.99991965
0.00026734793
0.9999541
2.490041e-07
0.018738056
0.9924489
0.31227344
0.0072484277
0.9622273
6.141112e-07
0.98901933
0.04164095
0.41088486
0.0015353289
0.005018868
0.03909917
0.99576217
0.0012776806
0.6655426
0.19387586
0.0003819584
0.46105605
0.9994048
0.99992585
0.9820479
0.009692674
0.07483941
0.00045378157
0.99890816
0.009724894
0.048428908
0.99943155
0.025911631
0.027529446
9.283212e-05
0.28364113
0.9817869
0.88657016
0.9573594
0.9999591
0.02465172
0.00090996025
0.99688345
0.0022593087
0.9988863
0.5595062
0.99694544
0.05911023
0.00059496914
0.996494
0.07423285
0.99930537
0.9917161
0.99836904
0.92988205
0.26958072
0.9990823
0.998599
0.066951804
0.99998593
0.0034708637
0.00015384906
0.99635845
8.7575376e-05
0.00019489638
0.8085133
0.9955448
0.9193933
0.9419087
0.9989544
0.0006353441
0.98871887
0.8527144
0.99962854
0.025297968
0.99797636
0.32896224
0.0041803475
0.118308604
1.4063695e-05
0.82755107
0.00082472136
0.56795853
0.73758054
0.0046015824
0.3094103
0.87743336
7.848697e-05
0.0009174441
0.96962756
0.995067
0.043080084
0.9995473
0.9999989
0.00013856239
0.00030327222
0.34991923
0.9826382
7.892431e-05
0.9574215
0.9995789
0.99255836
0.99756324
0.0030024613
0.00049549865
0.9999999
0.00011098392
0.91033787
0.007818907
0.6115731
0.003907328
0.99981314
0.99964345
0.94668865
0.99836713
0.9938538
0.089088105
0.1764874
0.010929825
0.9989213
0.9998294
0.5969219
0.96888095
0.9331829
0.032236572
0.00017726801
0.002027395
0.21942362
0.12883474
0.99857724
0.0020119806
0.07224604
0.9968342
0.91534
0.0013593219
0.9881269
0.06886828
0.99527043
0.9987055
0.9427064
0.0002955305
0.99999106
0.9986934
0.9993135
0.4759091
0.29124755
0.008190179
1.0748763e-05
0.0037037986
0.3189474
0.0046215993
0.35737044
0.960336
0.74638873
0.99750644
0.40953878
0.009213521
0.0053378125
0.99993503
0.99958116
0.00019874908
0.7668446
3.1767875e-05
0.96606356
0.007164586
0.00038427836
0.9857904
0.0050696097
0.18632881
0.999998
0.930707
0.05192722
0.9990169
0.99664295
0.9797522
0.0014228052
0.0005277148
0.031240124
0.9998276
0.9906267
1.9686366e-05
0.25138107
0.96939576
0.0004440346
0.15632164
0.00045618674
0.29330778
1.1674741e-05
3.1477884e-05
0.04654144
0.9989254
0.99981505
0.99989283
0.98938596
0.99998796
0.73453486
0.008668365
0.99711764
0.00031948733
0.0025532464
0.9999045
0.9999163
0.9727631
0.0023197588
0.0025266346
0.08925665
0.9944883
0.98430216
7.3369615e-06
0.98453856
0.933264
0.0001824534
0.0021978258
0.5765143
0.47621906
0.011240761
0.99986446
0.010980291
0.6217918
0.9734185
0.9999802
0.0012404829
0.8901109
0.99953294
0.8815228
0.99841464
0.9682353
0.0024128098
0.9968777
0.99504423
0.53307194
0.99978465
0.99066544
0.9998499
0.91592747
0.0006187768
0.00036565552
0.9956096
0.052413233
0.99980325
0.9847661
0.077735655
0.004790495
0.83125496
0.75122625
0.3258585
0.9976967
0.000144975
0.013520919
0.99981564
6.7157066e-07
0.9671173
0.11453075
3.7559969e-06
0.99358046
0.9994253
0.063192755
0.13962494
0.9725264
0.99987674
0.9806498
0.99996066
0.03390937
0.97936946
0.9917196
0.036890563
0.9994042
0.0019433441
0.9995602
0.99997556
0.0036059853
0.9275037
0.024195591
0.9999999
0.14455394
0.9488575
0.99507916
5.7479747e-07
0.002938909
0.0057857158
0.020926537
0.031047223
0.99162453
0.0002479791
0.98308325
0.00062239164
0.003357384
0.9959609
0.99952364
0.029470574
0.55759555
0.1864256
0.9999999
0.99859875
0.00031535662
0.93801045
0.011188598
0.9971096
0.0040138126
0.9715557
0.9980995
0.003447311
0.19533828
0.312614
0.9704525
3.9604885e-07
4.2492513e-07
0.9999976
0.0014645312
0.9990823
0.023557069
0.9999683
0.9998964
0.99300873
1.07122e-07
0.1855361
0.99975544
0.00081280526
0.9645089
0.687509
0.92447495
0.008770155
0.9999485
0.42304775
0.9982778
0.9940983
0.020934725
0.0008019992
0.99804014
0.0072273663
0.9894833
0.98661846
0.00019403471
0.8793307
0.54036015
0.00012224347
0.0025753619
0.8888991
0.010893348
0.8213598
0.99968123
0.00075996236
0.2789062
3.1521806e-05
0.9050385
0.3786864
0.9672259
0.82739943
0.07447447
0.2647391
0.71427864
0.99958235
0.0062943865
0.002090569
0.9972916
0.80444914
0.99990547
0.98393285
0.1179572
0.5113628
0.99632406
0.9683366
9.1822556e-05
0.9516475
0.00046361826
0.02897336
0.0024537328
0.0008058955
0.9761451
0.0028625492
0.999419
0.99291754
0.73597115
0.9992167
0.99917656
0.99492455
0.0013419637
0.00067840057
0.9997838
0.9982352
0.9970174
4.294433e-05
0.032712672
0.99844235
0.0004597527
0.14158227
0.0009802096
0.12624168
0.09254793
0.99754447
0.00018018445
0.97205013
0.0058403905
0.9999968
0.9960632
0.9998287
0.067556426
0.99960786
0.26674518
0.6182245
0.117769785
0.65347064
0.008659842
0.9998847
0.9999386
0.001776581
0.014530798
0.012183086
0.00091214216
0.9785135
0.019654488
0.4078109
0.89920104
0.98971796
0.0040688505
0.67684007
0.0265138
0.8086622
0.80811065
0.9956657
0.9833597
0.36946535
0.9991172
0.7665519
0.99355835
3.965477e-05
0.051153418
0.9998105
2.6339876e-05
0.00019601906
0.4106249
0.45457733
0.9997274
0.0675819
0.0012458838
0.0053136162
0.83314705
0.0026580368
0.9665737
0.011157684
0.79386026
0.0008880727
5.400944e-05
9.705237e-06
0.88763136
0.011077989
1.3105206e-05
0.7683808
0.90356493
3.655641e-05
0.9999839
0.0145932855
0.9887211
0.8442106
0.99996734
0.00461482
0.99104124
0.6498815
0.005071214
0.9989479
0.99994206
0.7836322
1.4169669e-06
0.009901009
0.00025892284
0.74893343
0.9365867
0.0001196903
0.04173097
0.99901915
0.99999917
4.8288417e-05
0.017988343
0.0021929762
0.62133384
0.00015440695
0.5880996
0.90599054
0.016933763
0.08003427
0.8773505
0.9946977
0.9999515
0.8638231
0.026555067
0.98715705
0.91542315
0.9997979
0.0029325986
0.99986434
0.9996686
0.15048328
0.51643753
0.9981329
0.97477776
0.99882156
0.29938462
0.9759368
0.33733103
0.9864786
0.9637241
0.9738757
0.05107171
0.03902099
0.8276903
3.7948877e-05
0.9134176
0.99825984
0.7502082
1.0
0.005920098
0.022549728
0.99995434
0.8401309
0.99241555
0.9991573
0.004148414
0.9004305
0.122299
0.99990904
0.037407264
0.00069882453
0.99999654
0.78195375
0.83437186
0.9803617
0.6931728
0.00056424754
0.7648842
0.009662703
0.0014389998
6.912935e-05
0.0017538029
0.0007006657
0.67730784
0.9697114
0.9996731
0.0072743525
0.99415624
0.90978014
0.00021577117
0.8312784
0.69816506
0.10368315
0.00029299717
0.13289294
0.13703437
0.999811
0.9994307
1.9223866e-05
7.730532e-05
0.84609336
0.9700851
0.0029022414
0.9777002
0.4433247
2.1163441e-05
0.08842348
0.9993818
0.052570708
0.9988526
0.98876697
0.091211684
0.0034550794
0.29811737
0.04245116
0.0075131906
0.99998415
0.38733175
0.89185196
0.99704474
6.931206e-05
0.011765906
0.9839395
0.9948442
0.005155126
0.031888247
0.9209306
0.99991333
0.00013593883
0.0022873518
0.016105413
0.05957441
0.9996636
0.0071729044
0.991438
0.03351032
0.043885294
0.44799256
0.029851565
0.002979456
0.0043500043
0.015807053
0.99997723
0.99949074
0.90897
0.34411627
0.0037687244
0.0005618345
0.9601222
0.9997694
0.040375087
7.638188e-05
0.0023095666
1.7910238e-06
0.00011931699
0.99641764
0.9990784
0.0053504608
0.99780744
0.9998342
0.00046160386
0.6945755
0.999987
2.0818776e-05
0.9663359
4.2400985e-05
0.040027477
0.86873585
0.9992213
0.8919643
0.14536749
0.17600036
0.9998721
5.507556e-05
0.89197326
0.7524101
0.014137227
0.016297178
0.0008045416
0.9349894
0.99996173
0.073060766
0.8964046
0.00087382965
0.9874214
0.99895227
0.00044694118
0.6910199
0.99414223
0.003933202
0.9815088
0.0009711342
0.9893209
0.99883574
0.001492406
0.8183693
0.0052633733
0.032783676
0.9678937
0.89664143
0.9860504
0.8398587
0.9899865
0.983401
0.0016817997
0.16514538
0.7891453
0.026317198
0.8722792
5.758093e-06
0.013211659
0.9999883
0.21050368
0.98157483
0.0011582915
0.41576225
0.9930669
0.00066594343
0.00097070594
0.0066256006
0.9999975
0.29314697
0.004515799
0.033091925
0.037385255
0.7516753
0.0800813
0.019527528
0.98695105
0.8510596
0.69947106
0.99906296
2.718888e-05
9.997463e-05
0.0025667935
0.9042266
0.9986671
0.054035537
0.9999553
0.99826545
0.9980388
2.3258347e-07
0.0030659053
0.99988806
0.02058083
0.96660244
0.98863643
0.85861707
0.99224854
0.99941695
0.7285888
0.0010858069
0.9873115
0.000109732275
0.0009448288
0.9052984
0.019688116
0.0023811348
0.97811836
0.0016999162
0.06859005
0.99824107
0.00015938657
0.6440503
0.9999832
0.9032882
0.0006294067
0.99926966
0.025708744
0.99208504
0.99393255
0.9999937
0.9973838
0.9890864
0.99993813
0.40810782
0.006210232
0.99989295
0.9999839
5.965382e-06
0.9977591
0.0814857
0.99999654
0.72779506
4.8144443e-06
0.5821956
0.9979303
6.8935776e-07
0.0032536325
0.99843806
0.9703773
0.059181985
1.6492779e-05
0.012402811
0.9887686
0.93258876
0.018857365
0.9813887
0.0013401946
0.0032883738
0.016366383
0.009987766
0.9983748
1.4292684e-06
0.0069594383
0.9721085
0.0025551452
0.0009287949
0.03940178
0.99941194
9.145455e-06
0.998478
0.025013953
0.8786161
0.0016828456
0.00092580065
0.005350981
0.0023350094
0.99846715
0.999283
0.6896926
0.06588262
0.8878621
0.001975477
0.00072505785
0.9998287
0.98322195
0.9959479
9.7544194e-05
0.42999262
0.32585713
0.0019966483
0.06355674
0.0018662987
0.6002589
0.89335674
0.03716468
0.99996173
0.9232917
0.3881095
5.1241423e-05
0.9999658
0.99996734
8.885255e-05
0.0004207689
7.087507e-08
0.81627303
0.6823518
0.9971831
0.74763924
0.99999976
0.06308614
0.8325293
0.9936149
0.009245736
0.9781572
0.99829286
0.25779107
0.0026911164
0.10137429
0.98358756
0.99189407
0.00015426037
0.9728981
0.99994946
0.011925625
0.25529557
0.99997497
0.00012489049
0.5751127
0.9932805
0.9996107
0.99970883
0.99838924
0.9999994
0.98245656
0.3602899
0.9949116
0.00054499606
0.2653868
0.9998983
0.9997067
0.19618344
0.9998894
0.99417996
0.9987663
0.6708328
0.039865687
0.959984
0.9041101
0.9922861
0.23429945
0.03954884
0.9960967
0.07647612
2.237541e-06
0.0010063032
0.9807052
0.2664253
0.54467005
0.98475665
0.8418553
0.9981748
0.015964478
0.5260627
0.13011445
0.012746472
0.00067954394
0.00045637073
0.81014764
0.0016041144
0.08858309
0.5600505
0.9999999
0.99973947
0.9987263
0.008547748
0.9999784
0.17195843
0.029895198
0.9999765
0.8794951
0.29857
0.9999777
0.9861275
0.080497414
0.98183215
0.0013098202
0.89175403
0.9357326
0.6396656
0.0026244074
0.00019555459
0.00791493
0.98300385
0.99331665
0.5800162
0.11831279
0.9485426
0.9942151
0.0062954603
0.0017080316
0.010031454
0.039679967
0.00010929452
0.9998884
0.33521873
0.019791882
0.99993753
9.1718863e-07
0.9996289
0.00046586074
0.0032627613
0.9981713
0.83973
0.83655244
0.001002152
0.00021069554
0.0029051972
0.0010112902
0.011431819
0.49090615
0.99282527
0.0017917738
0.4389739
0.5227059
0.9757538
0.99794036
0.069120474
0.00015423096
0.004980698
3.4817484e-05
0.9997031
0.37585256
0.9457558
0.9999958
0.8530631
0.0028097443
0.9995596
0.99992657
0.99999785
0.0004000238
0.6917111
0.0020416996
3.4070697e-05
0.9950086
0.38877776
0.7595493
0.99842036
0.0010911558
0.27085993
0.052195888
0.99943274
0.99696666
0.0008694755
0.15074106
0.99989676
0.05303726
0.98981315
0.9736163
0.966858
0.94398195
0.0020337405
0.00039176366
0.1346298
8.024474e-06
0.05801453
0.0711723
0.29403746
0.999998
0.8969291
0.001929742
0.99815875
0.0005350449
0.14029334
0.0043188054
0.9994935
0.9994566
0.45662525
0.7986083
0.120681114
0.28466308
0.962512
0.008040756
0.021153796
3.289438e-05
0.9948219
0.9889424
0.004160195
0.99936527
0.0010170364
0.85293233
0.99979
0.9938397
0.0054818215
0.110448875
0.0038179907
0.2828669
0.0009869824
3.900789e-05
6.0567754e-07
0.99995077
0.0018177866
0.17803414
0.00020630736
0.00039998602
1.4907386e-05
0.99666035
0.99949265
0.3161671
0.0058941916
0.09772045
0.97946244
0.0028110698
0.030811703
0.049737513
0.8895106
0.008252644
0.038588714
0.9781706
0.022929888
0.99908626
0.00017844324
0.9674539
0.9460342
3.1159564e-06
0.99981827
0.9995969
0.0022683062
0.009272795
0.17356494
0.9905364
0.8423686
0.9992649
0.9728905
0.9918122
0.9927886
0.9999987
0.80773926
0.9942608
0.99980086
0.0029802874
0.31045046
0.0020796955
1.0507203e-05
0.100542806
0.99867153
0.99986005
0.9997918
0.47907275
0.99999285
0.9628376
0.88753825
0.47833306
0.0005606199
0.0015039437
0.0009790224
0.026893493
0.00046147895
0.98026294
7.893523e-06
0.0002654071
0.98330736
0.99280566
0.00017807611
0.02885998
0.03398405
0.002064015
0.9999591
0.95433277
0.009247942
0.01897876
0.9993309
0.878886
0.0025555051
0.9996712
0.99544084
0.00093248754
0.5096081
0.9012228
0.13609912
0.996491
0.9989982
0.7561267
0.0152475545
0.030832643
0.9412192
0.00062521023
0.40531594
0.8026433
0.9955419
0.9936499
0.9607635
0.98455393
0.9759616
0.9988626
0.99946886
0.9229207
0.09554701
0.9999825
0.01486041
0.18367855
0.99716324
0.9999163
0.9636258
0.9981589
0.0007989781
0.89704865
0.99937433
0.99955386
0.0012782917
0.9999974
0.9999875
0.9957359
0.31398347
0.0006100467
0.060666006
0.057595503
0.99470276
0.006304571
0.00037066193
0.17452207
0.9095485
0.9164433
0.98343337
0.9999981
0.018080303
0.98504674
0.07590656
0.99994695
0.00053522363
0.97088856
0.082084596
5.0391125e-05
0.005808686
0.05459214
0.0007794103
0.7615812
0.05324363
0.99849856
0.00010319054
8.6815235e-05
0.002746876
0.93193054
0.7989922
0.9989718
0.014338136
5.583827e-06
0.9588574
0.00028367096
0.9999658
0.9374489
0.87800205
0.25086775
0.0012464237
0.16164885
0.8681059
0.9991346
0.99539435
0.99717414
0.99901104
0.10265091
0.00010091974
0.04238544
0.9787451
0.95920944
0.990462
0.0028459379
0.9997799
0.9969842
0.005263333
0.99991083
0.993665
0.00027099258
0.009498849
1.3630656e-05
0.99971586
0.98653364
0.13754515
0.001104099
0.9999914
0.9998895
0.99998
0.00079304073
0.9122375
0.9095667
0.63889974
0.9668891
0.7338963
0.47647557
0.0034186533
0.0012876004
0.9994024
5.7162254e-07
0.04846875
0.9481966
0.3867392
0.5841629
0.99828327
0.9999964
0.939729
0.9922231
0.9995952
0.008436674
0.009160663
0.00048224351
0.022784892
0.96267295
0.97809964
0.998312
0.015634296
0.984356
0.4035363
0.0011019444
0.9992766
0.0014481683
0.07690923
9.702211e-08
0.9999852
0.9943697
0.9920959
0.96303725
0.010452072
0.11205679
0.0003130208
0.0017308062
0.95215493
0.0016749222
0.05618014
0.0022149815
1.411584e-06
0.9973278
0.9956287
0.0001292323
0.35606548
0.9999993
0.8918996
0.9807591
0.23407201
0.0015513084
1.7447996e-05
0.15784892
2.4418972e-05
0.015620609
0.9856716
0.11342872
7.0441897e-06
0.0054695336
0.00011612423
0.98722744
0.74815243
0.011793481
0.99997795
0.0024537363
0.7046504
0.005018487
0.973041
0.9959401
0.99946314
0.29986987
0.00020546188
0.9456195
0.8478156
0.61818343
0.97590387
0.009366357
0.041946426
0.0055618435
0.99972886
0.0023094236
0.9914658
0.9978911
0.9692128
0.98477584
0.99799585
0.9998858
0.99956506
0.99997675
0.0031441734
0.024453757
0.0026355467
0.20644557
0.0004360552
0.003994478
2.9051453e-05
0.0015116171
0.3876557
0.00022668517
0.004625789
0.93081075
0.2299301
0.31270254
9.403509e-05
0.027611023
0.11024041
0.7694207
0.9994584
0.99994195
0.0015819188
0.9997702
5.773682e-05
0.00020162686
0.99981123
0.9999567
0.99927074
0.9981798
0.96717805
0.0029514579
0.96960944
0.99924743
0.09370859
0.00011678519
0.9785905
3.0895367e-07
0.71073043
8.981295e-06
0.48798314
0.99961865
0.00015516409
0.98720145
0.9780001
0.8189764
0.7234148
0.99996626
0.0024286082
0.06595136
0.99621296
0.4642609
0.99437004
0.0019983172
0.0008586129
0.9892635
0.87396556
0.9952311
0.013257379
0.7321313
0.025415413
9.4851646e-05
0.99998426
0.09404107
0.9995066
0.8604563
0.9750625
0.8896255
0.9992213
0.58287483
0.00028134548
0.99995494
0.002471513
0.97455776
0.9999393
0.004252426
0.810821
0.9990839
0.992657
0.9875437
0.017535252
3.756287e-05
0.8925067
0.0020290464
0.86588943
0.9866961
0.038329195
0.99998844
0.0018599639
0.99999845
0.9845844
0.01124647
0.9949332
0.0001332992
0.9998172
0.98797333
0.006161533
0.2619318
0.05977908
0.024390833
0.9677633
0.9998087
0.003082914
0.9985719
0.7490255
0.006425241
0.822712
0.026405726
0.033956617
0.9971915
0.9996221
0.0012625061
0.82464004
0.5405418
0.98159987
0.0002754721
0.93428755
0.9555601
0.0005396895
0.9854557
0.9507348
0.8759339
0.018795826
0.0018076126
0.9999857
0.56430954
0.9813275
9.793042e-05
0.0013613441
0.5383266
7.0244137e-06
0.016879173
0.9403081
0.9990767
2.2560585e-05
0.7301469
0.9566063
0.3246788
0.870464
1.4563592e-06
0.9999993
1.1955938e-05
0.9358794
0.004916521
0.9999267
1.1772041e-05
0.9766891
0.99940395
0.3480604
0.00024149628
0.0017368755
0.99998534
0.99939144
0.99954283
0.00096735964
0.2344424
0.99482465
0.9999217
5.9946e-08
0.026411181
0.98474705
0.9885821
0.0002653803
0.0007837185
0.00014577928
0.060680386
0.14730798
0.11274844
0.99854326
0.08685566
0.0008440108
0.21514358
0.9995435
0.98158467
1.4395883e-05
0.043414965
0.055626366
0.78890294
0.9993806
0.98197377
0.0011513996
0.9990074
0.030184735
0.99801636
0.04635063
0.97854054
0.99990773
0.0017181237
0.17021519
0.98704857
0.9967393
0.6646471
0.9976761
0.99999857
0.9832903
0.04283289
0.004703649
0.25144786
0.030468667
0.0024302423
0.55341285
0.2259122
0.9991955
0.5045403
0.058916364
0.23869269
0.722188
0.001444198
0.99654394
0.006492753
0.014190211
0.95621645
0.0065656863
0.9999784
0.39615577
0.8974798
1.943563e-06
0.048223596
0.9858586
0.0910901
0.9575753
0.047634035
0.99960715
0.65256375
0.66197705
0.99999976
0.0005928391
0.9973827
0.43939364
0.992132
0.003871748
0.00022295417
0.00708321
0.8540949
0.58501416
3.987966e-06
0.002560229
0.9999033
0.047392927
0.9966736
0.9994124
0.057089403
0.22534044
0.9999982
0.20795238
0.73687947
0.994651
0.099003606
0.9817585
0.999703
0.9967439
0.99538124
0.027603848
0.0010246412
0.00040528356
0.4432741
0.10982949
0.0001358485
0.0005606127
0.0005280499
0.9988732
0.9811566
0.0519837
0.004399666
0.997552
0.81225425
0.97471017
0.97470915
0.003071104
0.9884651
0.9967533
0.011413835
0.00038291726
0.997471
0.45613375
6.360518e-05
0.17581421
0.13384786
0.029313024
0.7554857
0.999393
0.9991979
0.00027586895
7.33292e-05
0.9678764
0.020418448
0.99824023
0.83179414
6.870775e-05
9.398972e-05
0.05016572
0.59816366
0.113390654
0.9909779
5.610498e-05
0.99926645
0.00071798975
0.023071079
0.026746534
0.99999225
0.023011789
0.0053459555
0.19280745
0.007043657
0.4933686
0.064022616
0.99745613
0.9261471
0.98301435
0.0005323049
0.92980844
0.99475104
0.99778026
0.9997633
0.0012787598
0.7298546
0.34054255
0.00017506554
0.0053483574
0.9953956
0.00025548803
0.9255953
0.9848312
0.99982053
0.43330416
0.9981565
5.7139023e-05
0.9999995
2.3062241e-06
0.9997719
0.99999845
0.99086833
0.96593493
0.011016652
0.99627554
0.00016475913
2.2038928e-05
0.37714037
0.00014981155
0.7157189
0.9998858
0.18524319
0.9491003
6.9018924e-06
0.0014129585
0.11600349
0.9255724
0.6058661
0.9899422
0.40272194
0.0128803
0.98166555
0.93979794
0.7090034
0.9788563
0.97963387
0.97907853
6.179451e-05
0.0016932857
0.999979
0.9999988
0.9023729
1.0
0.9999831
0.0015920186
0.00040225586
0.9903582
0.0012112875
9.875604e-05
0.0002520139
0.118085526
0.00825458
0.99949944
0.9936299
0.00083771674
0.9999646
0.39922854
0.7801964
0.9663625
0.015862204
8.718971e-06
0.054387745
7.6153e-05
0.8033987
0.99986136
0.99713033
0.99996865
0.9751583
0.9985587
0.10797141
0.99560696
0.17844556
0.00848059
0.037446335
1.9934689e-08
0.026130399
0.56542736
0.9882032
0.99964225
0.9826726
0.003752555
0.000120989964
0.23786706
0.99999976
0.004877109
0.041994892
0.3132555
0.00075179373
0.03184052
0.07392413
0.9996675
0.24471682
0.99632937
0.9370319
0.97576106
0.9953054
0.9999682
0.069108464
9.3170684e-07
0.9999286
0.024362635
0.9995598
0.98583823
0.11491086
0.6210362
1.162356e-05
0.98702604
6.059105e-05
1.5056707e-05
0.9998504
0.8669398
0.009946386
0.9959753
0.9340242
0.08096715
0.00038810165
0.99793434
0.9996791
0.024052348
0.0048107523
0.0032225149
0.0028999115
0.0451571
0.014823973
0.075076476
0.8281262
0.6372386
0.9996233
0.99996924
0.9855661
9.839521e-08
0.9957918
0.22681765
0.64392537
0.008037216
0.0022794693
0.00036756607
0.9999691
0.8502137
0.9660027
2.0675616e-07
0.0436397
7.64661e-06
0.9999994
7.677988e-06
2.9998897e-05
0.00079778855
0.99927133
0.07310281
0.99974436
0.0025778594
0.07316781
0.97621083
0.988466
0.085820474
0.94981337
0.99996424
0.99999475
0.99713695
0.999905
0.94679123
4.1235868e-05
0.9999951
0.66319007
9.9725745e-05
0.00068887026
0.0035932846
0.0016163236
0.99959975
0.9992323
0.36966985
0.9973024
0.020653827
0.050070252
0.00784566
0.0043013683
0.7405955
0.999012
0.9849229
0.8721149
0.03440234
0.9999882
0.02955232
0.9999944
0.997008
0.99436116
0.93599916
0.9984773
0.9999063
0.010424072
0.07318256
0.04498414
0.99263203
0.9542533
0.9850465
0.0094907675
0.99540836
0.99851173
0.15484042
0.6918984
0.99989223
0.99990034
0.99998116
0.873272
0.12644838
0.99379504
0.99980897
0.006034292
0.4491761
0.33349857
0.013174393
0.42768246
0.0011860484
0.9588095
0.75281006
8.5906475e-05
3.2829757e-05
0.052757345
0.9788816
0.9872541
0.98900187
0.00060566596
0.1378876
0.9970796
0.9066695
0.9662526
1.7887774e-06
0.01717444
0.00076303695
0.9996202
0.13203888
0.9981029
0.02431544
0.0036807114
0.99559903
0.0117568765
0.9779845
0.036140483
0.004744143
0.9999908
0.99980134
0.56427246
0.99622065
0.3904706
0.99971217
0.0054749213
0.0025247603
0.0061477693
0.966359
0.58201027
0.22984266
0.99989617
0.9666804
0.90596235
5.1476713e-05
0.9999982
0.67473763
1.2491267e-05
0.083458096
0.020427596
0.036430415
0.18500699
0.010821347
0.00041670457
0.9998522
0.017788803
0.9998667
0.9924884
0.83470976
0.97895014
0.9941689
0.33989635
0.6967969
0.9994692
0.9842269
0.00025122846
0.99975234
0.0024635647
0.00011412848
0.97967875
0.004057308
0.9997327
0.99356395
0.99863094
0.05057279
0.99433607
0.9993436
0.94690204
6.555624e-06
0.98258924
0.9903673
0.9997385
0.007022025
0.019717405
0.05752626
0.008991328
0.00022183437
0.999982
0.0014974303
0.99969375
0.9268073
0.062240977
0.0018089312
0.9891445
0.09420173
0.8079105
0.99995613
0.00051336555
0.0017736203
0.99926597
6.182222e-07
0.999944
0.027341986
0.99849665
0.005083441
0.0841573
0.0010114546
0.08329546
0.00025641755
0.6911186
0.99904794
0.99988294
0.8923801
0.6615527
0.9998266
0.5082007
0.99938285
0.19735263
0.00032412916
0.7105671
0.0002580679
0.00056770246
0.12589666
0.9918968
0.0017165288
0.926939
0.8258872
1.3090215e-06
5.3967774e-08
9.457755e-07
0.055678617
0.00078248564
0.9983557
0.90035546
0.99999344
4.6927394e-07
0.14857346
0.99576795
0.06167952
0.08395388
0.8377428
0.000121980534
0.999403
0.92923856
0.773037
0.9187537
0.045451924
0.90563655
0.78843516
0.02836916
3.9276536e-05
0.9990976
0.99993587
0.017847953
0.9842078
0.9978388
0.01182934
0.006866408
0.99583733
0.01140044
0.001859601
0.9834748
0.014286949
0.999985
0.000532938
0.39610198
0.17459556
0.000527308
0.53071916
3.5179877e-05
0.21079223
0.00025615413
0.95787495
0.17765512
0.002228344
0.87518966
0.001143461
0.34243873
0.005701148
0.004496202
0.5866217
0.009730746
0.81618816
0.001083419
0.5635215
0.6661127
0.9665972
0.9999987
0.19103964
0.9968399
0.9977064
0.99982256
0.8185139
0.99521315
0.9753322
0.74162656
5.351245e-06
0.99999225
0.003906224
0.00037625086
0.9983767
0.3365463
0.99721694
0.6115719
0.5721916
0.57895774
0.9918978
0.40947205
0.9982717
0.99994814
0.0003095498
0.8331467
0.00020295329
0.0031690262
0.5925813
0.94940066
8.4418946e-07
0.43301308
0.08145628
0.000104933904
0.19798267
0.9999982
0.99949634
0.00031139684
0.9864212
0.879361
0.84854704
0.9990246
0.00037144846
0.9997204
3.1406464e-05
0.7187725
0.42231575
0.09401077
0.9996815
4.8544713e-05
0.9949667
0.6817282
0.8949332
0.99328965
0.00044155147
0.99721694
0.99891233
0.0011135982
0.18619008
0.99991894
1.0416916e-07
0.9993456
0.0041062557
0.9686411
0.9938782
0.00054980244
0.9988728
0.010535064
0.99967813
0.0060092323
0.99936384
0.9994092
0.0030032736
0.8833624
0.019585315
0.00021393181
0.99999857
0.9999988
0.36402917
0.99916553
0.07365533
3.3819077e-05
0.9714155
0.00061048265
0.91742647
1.7347073e-05
0.09104579
0.99871564
0.055128284
0.45301062
0.960922
2.7697819e-05
0.006347421
0.024141176
0.09192506
0.016636683
3.9765728e-05
5.225874e-06
0.05703833
0.9955681
0.78135234
0.0072683017
0.115352005
0.9999243
0.9827367
0.00016811857
0.0005292792
0.053799223
0.9999014
0.99999833
0.0058811572
0.2770257
0.90642285
0.8465779
0.9999206
0.85886204
0.9975085
0.99970704
0.098523036
0.0002551397
0.08543008
0.004626026
1.9554432e-06
0.9889693
0.6954538
0.92960954
0.9592516
7.018127e-07
0.7286418
0.9974316
0.99999523
0.566679
0.012570505
0.97369474
0.37858596
0.8893456
0.5362885
0.009375405
0.9923922
2.5636527e-06
6.0763192e-05
0.8680836
0.0011161515
0.0044129593
0.9999094
4.4095236e-06
0.004408579
0.002347611
0.61598325
0.050963987
0.99785197
0.026981095
0.9980459
0.99617946
0.96669555
0.0020998109
0.0007787699
0.99960965
0.9952819
0.8346914
0.734083
6.8842553e-07
0.031390037
0.99932027
0.0008771413
0.03038125
0.00027677362
0.19571458
0.69284487
0.99994636
0.9999479
0.3988884
0.90103745
0.99995935
0.9996263
0.99842095
0.99219656
0.9999474
0.99935895
0.9904717
0.999987
0.025130637
0.31171703
0.99988973
0.99937624
0.9998227
0.2552659
0.99960977
0.93956506
0.00012959017
0.99397933
0.0457577
0.9985695
0.14054625
0.9983436
0.0025262018
0.00061481167
0.9999995
0.9991748
0.8257309
0.035841327
0.28889832
0.9965648
0.96096855
0.0019469461
0.007937911
0.9997414
0.0025312065
0.005388172
0.9984114
0.0003921001
0.00094084255
0.9999858
0.9999695
0.008398983
2.244858e-05
1.0113301e-06
0.00068544236
0.003725689
0.13861448
0.9919326
0.8681512
0.1758531
0.0037934624
4.123022e-06
0.05045135
0.99976236
0.48914063
0.029474253
0.96204895
0.8825202
2.754686e-08
0.0013207468
0.1551547
0.00010015431
0.97651017
0.9996722
0.13521743
0.9891021
0.00026605622
0.99874794
0.9741979
0.99645233
0.006848894
0.99749714
3.129262e-05
0.9694076
0.9947478
0.999941
7.617537e-05
0.0034066234
0.9999441
0.0099175265
0.98604256
0.999637
0.03785092
0.99391174
0.37331808
0.9991265
0.0054934695
0.9358446
0.027105244
0.9999999
0.99951136
0.999974
0.9976623
0.64029014
0.97643673
0.98793143
0.94729716
0.00032666491
0.62892085
0.0034418504
0.99928814
0.2895734
0.99905735
0.9999292
0.99996114
0.34063238
0.99999523
0.38748297
0.16365959
0.017001908
0.0044631734
0.99897516
0.115072824
0.98183155
7.005454e-06
0.0036430573
0.98167384
7.193376e-05
0.9981298
0.9938398
0.020672336
0.9923557
0.99949574
0.9867259
0.4395079
0.6683314
0.9999682
5.448848e-05
0.0765704
0.9999747
0.00018543018
0.99114484
0.99995446
5.8885562e-05
0.9660826
0.99987674
0.99118197
0.057176877
0.00063830416
0.0042241234
0.0008453328
0.9992384
3.2553537e-05
0.042628523
0.0078579
0.9971722
0.9997037
0.024684018
0.9954751
0.99139684
0.97358364
0.12357076
0.0026210633
0.83488256
0.141114
0.5339273
0.0057496955
0.0011824021
0.1055375
0.4714508
0.9982256
0.021221856
0.9904709
0.9981621
0.9157791
0.9729504
0.00089708203
0.5729856
0.031655807
0.57326096
0.9626426
8.282174e-07
0.000434074
0.00041642145
0.98867255
0.9998721
0.99992836
0.004554522
0.99745184
0.99999845
0.26340076
0.99393696
0.0007956848
0.9997582
1.2523317e-05
0.11194313
0.99963903
0.013987458
0.9414532
0.9502476
0.97952193
0.1370403
0.8334313
0.0035759707
0.99999666
0.9997372
0.00019685157
0.9300741
0.97489595
0.1955118
0.6801723
0.12154787
0.016192911
0.5926454
0.99863297
0.030144494
6.100362e-06
0.996651
1.8289269e-05
0.9984754
0.94990087
0.0006448372
0.8773003
0.9943798
0.9729762
0.8597767
0.99488056
0.33043635
0.022883462
0.99999595
0.9970796
0.0009609638
0.9822527
0.99617624
0.0010323578
0.999275
0.014297557
0.0017501317
0.8314334
0.8851046
0.9917195
1.16523715e-05
0.9985642
0.6790692
0.00792514
0.4278024
0.12223996
0.99998045
0.9994623
0.6248612
0.9918588
0.9964173
1.0288601e-05
0.00015342291
0.9858695
0.0029345136
0.99986446
0.99210125
0.0005734032
0.47109503
0.91772336
0.99515414
0.8048263
0.9474059
0.9995018
0.00442179
0.99973315
0.5616341
0.0051205577
0.9791692
0.97101724
0.95346785
0.99832886
0.99991894
9.5099185e-06
0.11272623
0.007174415
0.9999186
0.99994564
0.9988753
0.003247434
7.0613482e-06
0.99996245
0.99935657
0.3619414
0.9993801
0.042311914
0.80701905
0.9999845
0.9982998
0.08446122
0.010733916
0.9995695
0.9994368
2.5621528e-05
0.69169474
0.99383885
0.9259824
0.9002229
0.002144953
0.9590136
0.00026921413
0.0034444076
0.17124325
0.50062597
0.005135809
0.65972376
0.00028203323
0.9989807
0.0063982257
0.0025117332
0.94575036
4.368867e-06
0.9095203
0.93512094
0.9970139
0.89470047
0.9061612
0.99623376
0.0039808876
0.37873095
0.984807
0.043098677
0.9997515
0.00089545734
0.043753624
0.15081315
0.30412
0.999997
0.2903596
0.0013947377
0.99205387
0.9836363
0.0005244794
0.99831116
0.034880247
1.21166595e-05
0.20256385
5.1318634e-06
0.9781942
0.9999807
0.0006388857
0.0019038699
7.4588665e-05
0.5161075
0.013129919
0.99875045
0.17449324
0.9997148
0.020382565
1.598234e-05
0.9837532
0.99999964
0.984361
0.9700771
1.8379069e-05
0.0023294974
0.91465753
0.0013186183
0.0048340163
0.997422
0.0049655023
2.2095664e-05
0.00053278054
0.97565925
0.067821406
0.99997175
0.78710866
0.98853743
0.99856913
0.99993503
0.059350934
0.29517674
0.007264659
0.003338587
0.0018391781
0.39996102
0.31175962
0.9869816
0.646179
0.01328154
0.999943
0.75265735
0.69527346
0.5964142
0.99800366
0.9992347
0.051853005
0.03602405
0.9114079
0.99998546
0.9997887
0.029269308
0.0022478097
0.9979365
0.98592365
0.0009541457
0.00041155942
0.96975034
3.3792512e-05
0.6155163
0.9216295
0.9845819
0.9996686
1.224711e-05
7.38936e-06
2.7012672e-06
0.99781644
0.999897
0.5608789
0.028349288
0.021673348
0.87020993
0.00038379838
0.4107902
0.9999429
0.4409859
0.08570512
0.999561
0.068186305
0.5885664
0.26882496
1.1499905e-05
0.25310355
0.98529124
0.001265099
0.016655471
0.9987237
0.9999919
0.99993277
0.9365695
0.9565688
0.9350713
0.0010184345
0.08993822
0.020281605
0.943121
6.949427e-07
0.99999416
0.83308876
0.96187544
0.01318558
0.012169975
0.017342316
0.00014615076
0.021670567
0.4056634
0.00011392624
0.9993206
0.001226445
0.99990237
0.9999379
0.8439037
0.9644635
0.800205
0.93366194
0.9967416
0.9999969
0.0022650892
0.017708799
0.99999225
0.9917951
0.00034199076
0.016577195
0.8859964
0.00014481196
0.99657565
0.9989625
0.9996214
0.9838431
0.044199314
0.29425848
0.99987876
0.9991404
0.9988663
0.99046224
0.9999981
0.0587279
0.9999318
0.024835331
6.966653e-06
0.9630443
1.1298793e-05
0.9907556
0.010364522
0.9881535
0.9999987
0.99814105
0.00916462
0.62518096
0.27926713
0.99977416
0.8303665
0.18894605
0.1842341
0.001026876
0.7135244
0.72896916
0.016769899
0.99653316
0.99999654
0.96989775
0.010741118
0.00063231343
0.013621278
0.9933914
0.001135058
0.95881355
0.021037066
0.9821114
0.9999864
0.34563628
1.419564e-05
0.10186355
0.9998553
0.011398806
0.63600254
0.995395
4.0651594e-06
1.1141173e-05
0.9999095
0.99988127
0.99981934
0.9997844
0.99991035
0.98539126
0.17769578
0.00028729718
0.24320842
4.697656e-06
0.99651414
0.9368538
0.9843478
0.00013998416
0.005035879
0.005216017
0.0004967765
0.99762493
4.9146667e-05
3.718809e-05
3.8445205e-06
0.7254834
0.9997718
0.9349706
0.3966556
0.00014827866
0.00017712676
0.99458283
0.9645699
0.0032238415
0.99997044
0.016801953
0.097895846
0.02817819
0.99933124
0.9187374
0.98159516
0.9991014
0.998793
0.99887055
0.98695266
0.042413462
0.99841285
3.343353e-05
0.002796554
0.9995127
0.17308721
0.00035973717
0.00019024074
0.7898342
0.99373156
0.99997854
0.9971378
0.99972004
0.00072444626
0.00079747697
0.995823
0.0014253482
0.99391854
0.99995744
0.9998894
1.0757692e-06
0.9998524
0.999843
0.0014672546
0.0006982983
0.034183882
0.9970906
0.99998975
0.001725828
0.019228494
0.99946946
0.99637246
0.60368323
0.08415109
0.0050335457
0.26808533
0.02626276
0.03738428
0.07730787
0.12140001
0.69129384
0.6269473
0.9998716
0.001325247
0.021872083
0.99924916
0.988735
0.0052149897
0.99678075
0.9978021
0.99861467
3.2062314e-07
0.5366724
0.037020996
7.978857e-05
0.0014607774
0.999899
0.059219286
1.1404135e-05
0.9905782
0.5994611
0.9986003
0.18743788
0.99520713
0.01244494
0.99997985
0.9986727
0.013678921
0.00081910746
7.9709185e-05
0.02468649
0.99981076
0.999876
0.8160004
0.0029450716
0.0651747
1.2370293e-06
0.9999604
0.0766461
0.98207307
0.5426198
0.006860606
0.78675866
0.9642402
0.9997631
0.001872782
0.00010225968
0.9563933
0.019864937
0.0034034064
0.73456967
0.9754896
0.7336066
0.9981104
0.013055489
0.85943806
0.9746823
0.9560287
0.12740605
0.99615127
0.37943476
0.09000508
0.9993674
0.9999912
0.06860551
0.0036072568
0.99999857
0.002825943
0.99860245
0.97679156
0.14135699
0.010128543
4.6275298e-05
0.7628962
0.44553992
0.37851095
0.41039363
0.10446353
0.9979231
0.017871507
0.00050304923
0.5158512
0.018790277
0.99990857
0.86210656
0.994103
0.9733599
1.6917146e-06
0.46531862
6.139272e-06
0.6091698
1.713989e-05
0.8369739
0.99971217
0.005238384
0.99203014
0.00054728176
0.9987469
5.62684e-05
0.022126852
0.23995873
0.8376584
0.32502964
0.11790038
0.14880069
0.014221896
0.9999647
0.99764985
4.194265e-06
0.9051662
6.0532984e-06
1.1610331e-05
0.2938368
0.014712001
0.15623805
0.28791595
0.9870323
0.9924644
0.99754804
0.00046870543
3.4588936e-06
0.9983537
0.6269998
0.9905129
0.9993231
0.9998406
0.28940338
0.9999622
0.014033337
3.3351756e-05
0.06960811
0.008749386
0.9957416
0.07257345
0.051233698
0.98749894
0.0010087424
0.99876344
0.9966652
0.9967174
0.34458354
0.9999932
0.33084652
0.00056511944
0.67455345
0.055195432
0.002671565
0.21461894
0.7843719
0.9992843
0.9996817
0.7588209
0.9968539
0.4836602
0.9984793
0.99997544
0.97494376
0.004261959
0.99873143
0.11150013
0.40996498
0.9997044
0.98798484
0.77805895
0.0002856647
0.75866896
0.07599642
0.9999604
0.94411606
0.9483439
1.4664198e-05
0.0061047096
1.0
0.99999213
0.012532487
0.00037516202
0.029186092
0.005800772
0.9804222
0.86494774
0.07733078
0.0005610117
0.9797777
0.9999715
0.9999039
0.14972185
0.9900628
1.5418009e-06
0.0019979342
0.9757254
0.0038963621
0.9943486
1.3174376e-05
0.00036858348
0.9799697
0.9998135
0.1678539
0.00014595412
0.98503137
0.47700456
0.6431507
0.99312866
0.97267747
0.013630501
0.9712838
0.95995796
0.99141777
1.4015603e-05
0.05220235
0.0030815734
0.017024191
0.11876769
7.3648625e-06
0.0011426073
0.037694912
0.07407512
0.0008641865
0.5485355
0.0040850015
0.00047313393
9.2029795e-06
0.00046884554
0.7840736
0.87624425
0.85157955
0.004954018
0.8948706
0.72052026
0.04976576
0.047724985
0.026266208
0.99389255
0.801209
0.5063167
0.9972324
1.8194754e-05
0.06099719
0.990369
0.23436444
0.00019127897
0.056938186
0.040131878
0.05565609
0.9759368
0.0009355632
0.0035825486
0.997175
0.9965108
0.48776144
0.8993226
0.99528426
0.98556083
0.73645055
0.11933936
0.0005749251
0.7564283
0.008660554
0.7680942
0.9313769
0.8465907
7.3090823e-06
0.0001915761
0.98816514
0.00019887665
0.9808406
0.9999484
2.916443e-05
0.35105172
0.4213648
0.0007752743
0.9999716
0.10920552
0.0049395226
0.9977907
0.0036720955
0.99660766
0.036696196
0.90291506
0.8160988
0.17416266
0.0016354868
0.7345001
0.00013114305
0.0063998844
0.9999745
0.9968088
0.003845016
0.012004008
0.003990159
0.2736463
6.0957853e-05
0.835637
0.9920597
4.107828e-05
0.9957562
0.4560773
0.9999467
0.058667995
0.00015622335
0.8877338
0.99931204
0.00030584304
0.96470994
0.0010173896
0.9956989
5.3183385e-06
0.0004215295
0.05645215
5.2898695e-06
0.99999523
0.9074098
0.9999453
0.9658395
0.9833008
0.93873185
0.02155486
0.49811196
0.041628685
0.9965339
0.3009764
0.017846499
0.9999975
0.9999224
0.23006763
0.99978036
0.018627174
0.0076003075
0.9672442
0.9587452
0.035960685
0.5738734
0.8875935
0.0018682729
0.9896131
0.9993119
0.9894828
0.99861467
0.8963824
4.4297794e-05
1.7094669e-07
0.36916927
0.60515195
0.5577585
0.00011123715
0.34918326
0.97143644
0.9301005
3.6136626e-05
0.9999659
0.15158926
0.99764806
0.9998362
5.2435107e-06
2.0489411e-05
0.043581158
0.99981755
0.9434053
0.90452576
0.9788946
0.9012159
0.9995894
0.9217274
0.0013862571
0.6466088
0.587292
0.997389
0.99998915
0.008696548
0.0023883418
0.9999906
0.002302958
0.7477128
0.97216946
0.9984548
0.01277956
0.0028806385
0.999936
0.99895287
0.9960873
0.090446614
0.9996587
0.9822265
0.005749851
0.94608754
0.9999981
0.005277908
2.1143815e-05
0.16752522
7.820087e-08
0.99922645
0.019289387
0.0001809223
0.36235273
0.20799473
0.99992526
0.039656997
0.9999584
0.9880531
0.0002231858
0.9999795
0.98505497
0.022524152
0.9976394
0.9134888
0.01484105
0.08495307
0.986193
0.99588853
0.38994896
1.39878e-05
0.0005197535
0.99995005
0.19608599
0.043196004
0.995452
0.9999999
0.00015007876
0.018544108
0.34804833
0.004375094
0.99974924
0.02216354
0.0025924314
0.1352504
0.049964905
4.1233643e-06
0.6433987
0.6721823
0.9994986
6.530122e-05
0.9997181
0.9653568
9.1263864e-08
0.00035350714
0.019583939
0.5730084
8.487196e-05
0.99999464
1.6503196e-05
0.061917465
2.810363e-06
0.0054413956
0.073218346
0.95775867
0.9971507
0.9999845
0.00044069954
0.9999988
0.99856997
0.83716804
0.9375142
0.999946
0.9979808
0.8862322
0.98282325
0.8826664
0.9275223
0.00016021122
0.0012928772
0.99975234
8.792841e-05
4.495461e-05
2.2403701e-06
0.9991879
0.49040276
0.99486935
0.02283264
0.9999404
0.0043194066
0.002233102
0.9780833
0.0084345965
0.40678832
0.1645679
0.010367227
0.00064152124
0.83405155
5.1522684e-06
0.939431
0.71804255
0.9983889
0.8951957
0.3366247
0.9995695
0.4029374
0.0023304615
0.0038454835
0.9857897
0.9738506
0.9799249
0.9868738
0.74311703
0.8562915
0.025881855
0.9999025
6.465371e-05
0.0012439437
2.5453948e-05
0.8747458
0.9999492
0.23104632
0.0011549362
0.0130615365
0.00026815155
0.19254485
0.015568258
0.9979984
0.87809
0.830919
0.0011295122
0.2688593
0.9994622
0.063249424
0.009714727
0.03957222
0.00022505943
1.0314832e-05
8.625475e-06
0.059783593
0.999252
0.7089264
0.9999999
0.99999523
0.98409003
0.9995726
0.49695468
0.9987914
0.0021114172
0.988074
0.99985564
0.075716786
0.9986234
0.9967217
0.034255784
0.019897211
0.004902125
0.8259516
0.99999094
0.013677057
0.9991516
0.2677927
0.0059187287
0.002979739
0.18320714
0.9702884
0.9553788
0.0022299637
0.9633004
0.35594782
0.9731181
0.9985952
0.2218828
0.99960715
0.008243696
6.236573e-05
0.92530155
0.97545254
0.9997774
0.9980404
0.007635523
0.009782841
0.00072184845
0.0004912792
0.99996114
0.9976285
0.3488898
0.020443082
0.4141666
0.99999654
0.0026357248
0.0026538128
0.5638309
4.2005373e-05
0.9999465
2.0013144e-05
0.9993162
0.00019945395
0.63687015
0.00025312693
0.19068956
0.020015817
0.99794453
0.03329718
0.0045014215
1.0
0.9925891
0.0005244506
0.012795325
0.00023462545
0.012091987
0.99981874
0.9998909
0.9332551
0.8949125
1.7026561e-07
0.294439
0.9709466
0.364512
1.8468376e-05
0.49879745
0.005282514
0.27964634
0.49346134
0.9113226
0.99982387
1.05673825e-08
3.821014e-06
0.004165809
1.2488244e-05
0.95653325
0.99984276
0.0004387692
0.06338038
0.0008085647
0.9777981
0.98774624
2.5067624e-07
0.9752112
0.99892247
0.9990841
0.68570715
0.99951816
0.0012883059
0.00092848577
0.03142549
0.94500476
0.99979275
0.0055799624
0.9999684
0.99071735
0.999998
0.9304644
0.7069325
0.08571037
0.9917154
1.1368202e-07
0.51008964
0.40374845
0.54203194
0.9989165
0.010428835
1.00301695e-05
0.9999342
0.8281057
0.015855255
4.1002397e-05
0.9952443
4.733931e-05
0.60102105
0.04536024
0.99951756
0.0027807888
0.011372812
0.03146819
0.33409083
0.9064323
0.026238006
0.7963561
0.5143321
0.6686313
0.4364256
0.66768104
0.99989426
0.9987853
0.96079355
0.9943403
5.6431413e-06
0.6306771
0.024075458
0.21453694
0.9999964
0.09046374
0.9653997
1.1188928e-05
0.8360727
0.6716915
0.94009113
0.99699056
0.9896209
0.99999034
0.9999577
0.99903846
0.99844825
0.96696377
0.0001341822
0.72468406
0.04221032
0.22974715
3.3345907e-05
0.9998982
0.99999917
0.18001202
0.075181805
0.0017766699
0.9999776
7.874374e-05
0.00031821913
0.9999943
1.2751379e-05
0.067106225
0.9996865
0.9910473
0.98755556
4.9839164e-06
0.05720095
0.9899422
0.9999509
0.00040044272
0.9710192
0.99996305
0.93000287
0.9996177
0.012455335
0.9998734
0.9761736
0.29928094
0.9759316
0.22733724
1.6764965e-05
0.055728335
0.34938145
3.297975e-05
0.9999902
0.16386418
0.06406429
0.9994356
0.00067702803
0.013262013
0.00023408001
0.00010165009
0.16531613
6.2219486e-05
0.449921
0.007782944
0.3067071
0.29580733
0.00070516154
0.02346622
0.10414889
0.489649
0.54410636
0.0022596752
0.09718894
0.016180351
0.99997866
0.987394
0.8038245
0.8529484
0.898659
0.9999913
0.9587299
0.006086077
0.4284819
0.38010654
0.020380355
0.9638484
0.9966691
0.011037046
0.9998939
0.00012011415
0.0064113317
0.9999975
0.012422516
0.6144674
0.9968291
0.005413771
0.00081860187
0.9999391
0.9670429
0.9999944
0.69335604
0.9661352
0.22676311
0.80635643
0.00814557
0.99640757
0.9999994
0.73908234
0.016042676
0.0008945726
0.96251315
0.02713326
0.00039520414
0.9999796
0.005983761
0.022956666
0.8329352
9.124507e-05
0.008990466
0.00016753688
1.5508627e-05
0.18317735
0.9646237
0.8776935
0.0006634766
0.017472174
0.9995981
0.985308
0.9999349
0.99992657
0.03037261
0.00014403994
0.013781326
0.011345993
0.030306827
0.0010313482
0.99928856
0.34146145
4.3126566e-10
0.14318734
0.99985933
0.05343419
0.0020116274
4.222039e-05
0.99978834
0.68203956
0.9984591
0.022775147
0.99828917
0.015083731
0.00013621677
0.99946564
0.0024402114
0.6600592
0.0017667136
0.004782364
0.9998149
0.99999225
0.021091456
0.89257413
0.99732935
0.00054359064
0.013919131
0.9999858
0.10116773
0.99865305
0.00024367364
0.3979342
0.99750155
0.9953831
0.15616763
0.29826677
0.99975795
6.6889834e-06
0.8270658
0.87670094
0.99342465
0.9914893
1.8303559e-05
0.031529944
0.043523
0.029323133
0.9458413
0.018299038
0.29595935
0.03664101
0.0011183961
0.21098949
6.1126747e-07
0.012899984
0.013164837
0.00039678812
0.99970573
0.00015912115
1.6056343e-05
0.09566025
0.42283896
4.977846e-06
0.99977833
0.013267312
0.049211893
0.9972778
0.3108561
0.06801173
0.19903933
0.0024500682
0.9982179
8.233864e-05
0.96501786
0.004013803
0.0035243055
0.9997203
0.9956689
0.0116206305
0.087108724
0.99932516
0.0026664115
0.007890039
0.53060114
0.014265859
0.9993888
0.003380202
0.02631719
0.00055431586
0.0012490323
0.99979264
0.35256612
0.020430816
0.0001398758
0.014992113
0.9992643
0.99987054
0.01958283
0.011754073
1.1343133e-05
0.02283441
0.99015594
1.2212039e-05
7.0595095e-05
0.56409407
0.9995104
0.08871821
0.9996381
0.2760103
0.91236347
0.000689889
0.43536097
0.022722226
0.0125560425
0.99993324
3.7278205e-05
0.9967961
0.068021476
0.9999378
0.93013203
0.9979843
0.9986084
0.14620619
0.72281986
0.7023823
0.9897261
0.99958163
0.9475769
0.001374934
0.044516023
0.00036846704
0.9734041
5.629643e-07
0.09378664
0.9699551
0.9777296
0.11279942
0.99370015
0.022675976
0.00040694067
0.0002168184
0.0028618958
0.979989
0.32885784
3.2864213e-05
0.99414045
0.9902333
0.07891947
0.9228226
0.9663107
0.999905
0.00021536258
0.0059881983
0.6783741
0.99997854
0.99884415
0.99926645
0.17999722
0.16357848
0.0003559756
0.0019856866
5.915843e-05
0.0003256705
0.026071658
0.9994293
0.34783265
0.005335782
0.98430854
0.0071110516
0.0039970307
2.1032055e-07
0.0012142839
0.010474615
0.001591266
0.010653511
0.9995504
0.000997675
0.62429816
0.99029046
3.278433e-05
2.9275783e-05
0.0021319897
0.00017955432
0.012127081
0.0014524616
0.98976374
0.00879194
0.97420436
0.7425588
0.0011064406
6.448838e-05
0.1500554
0.0070277867
0.99999774
0.99999905
0.0017415597
0.9999542
0.0009549828
0.00019122897
0.29207534
0.852206
0.081221335
0.99369085
0.98333687
0.99890554
0.99832636
0.011067123
0.0025902549
0.9999696
0.16956475
0.14241883
0.0066823596
0.00084092584
0.2657665
0.884761
0.80142283
0.41522452
0.1466843
0.022256972
0.9998454
0.99364376
0.99318427
0.7207394
0.9325018
0.0002848629
0.9991547
0.99134856
0.99990714
0.12933928
0.0013553932
0.999305
0.98581046
3.7969996e-06
0.9999889
0.9948809
0.884065
0.9998087
0.0013690457
6.831424e-08
0.99787617
0.9999496
0.9865443
0.82426685
0.9637338
0.9323075
0.9635081
0.99884075
0.75374687
0.99986315
1.6214046e-05
0.00020872122
0.00014918517
0.0004270809
0.029210174
0.2458256
0.9994773
0.98647577
0.0012771708
0.9712052
0.7868979
0.99640524
0.98960483
0.0036330014
0.9997553
0.12935758
0.92452425
0.9965462
0.04105583
0.00044942554
0.0040529943
0.119396925
0.0056491275
0.9999999
0.6424465
0.99803525
0.9999894
0.88296074
0.35922456
0.0020499036
0.008946922
0.9999945
0.999998
0.908246
0.21427931
0.055301223
0.9999809
0.9943011
0.9947631
0.033902895
0.0014715055
0.9999453
0.986252
0.051097546
0.00069926854
0.0020932425
0.99999297
0.9682919
0.99991333
0.9964677
0.9990503
0.0059245257
0.9968309
0.9999988
0.99996495
0.38558498
0.00182994
0.99987805
0.39294618
0.1438486
0.99996376
0.9931901
0.9891761
0.991776
7.094806e-05
0.4298096
0.003712445
0.002997038
4.8419464e-05
0.9507082
0.0025874292
0.99681807
0.0051350757
0.00808147
9.5683434e-05
0.05523904
0.008017547
0.99979836
0.0007079135
0.9639572
0.38218865
0.9550762
0.5801306
0.9725776
0.019354332
0.0024973133
0.9985922
0.0015484411
0.99994826
0.99991775
0.9995345
0.99898237
0.00017240937
0.368227
0.8521325
0.99998546
0.03420953
0.9998841
0.0038693028
0.99539006
7.1236836e-06
0.99235463
0.743965
0.357865
0.9997008
0.9968466
2.8549315e-05
0.9961999
0.009920913
0.028594479
0.0007487312
0.015089059
0.99995613
0.9666948
4.6224804e-06
0.9905467
0.0011057957
0.9999981
0.91523796
0.0017478183
0.00013537664
0.99588734
0.98648524
0.9967181
0.9952878
0.8560939
0.2199387
0.0069261147
0.5772193
1.051438e-05
0.9664627
1.9299025e-06
0.7445431
0.32962415
0.9963019
0.99894327
0.9819972
0.00039489137
0.92676663
0.00014049337
0.8268358
0.99665844
0.82562464
0.9624321
0.9801097
0.9999827
0.99379444
0.9997956
0.0009413724
0.042097766
0.0031797693
1.6868244e-05
0.004145795
0.00096077897
0.99090403
0.9740771
9.038635e-05
0.99856097
0.7461985
0.6010934
6.3575884e-05
0.18861273
0.0013562422
0.001388518
0.07642542
0.99985635
0.9996917
0.70931447
0.0005777114
0.9125411
0.1902994
0.9866058
0.9984084
8.230952e-05
0.9945273
0.0022581727
0.0033066184
0.8108246
0.001529406
0.9997069
0.058698807
2.581671e-06
7.138768e-06
0.99998164
0.8420517
0.80204684
0.001353978
0.0052462593
0.9998653
1.0
0.030999549
0.007987016
0.69281423
0.00346787
0.38214576
0.09178283
0.4063762
0.19311664
0.6692269
0.7050918
6.7432005e-08
0.9849856
1.5980298e-05
3.8991864e-05
0.047351155
0.66828364
0.9989324
0.9807371
0.0043592458
0.004010175
4.0865183e-05
0.39990857
0.0017839591
0.97054696
0.0008026337
0.3419334
0.9992668
0.011583214
0.13061617
0.016925067
0.94807476
0.9991372
0.9963362
0.15066667
0.998283
0.09030685
0.08133941
0.9915923
0.036834974
0.9998964
7.6832686e-05
0.001745787
0.016891554
0.0009402824
0.9998833
0.0046481756
0.0013739497
0.0073754303
0.014264497
0.4257963
0.6620992
0.0008643199
0.00015536264
0.7841023
0.73635435
0.015826367
0.40771687
0.9706643
0.99868447
0.001924943
0.19569613
0.9978549
0.060681026
0.14977255
0.9963804
0.0014253597
0.99989295
0.0023009442
0.9999976
0.99796
2.613483e-07
0.051270377
0.97784084
0.0012018043
0.0042276834
0.93562895
0.0016681746
0.9934675
4.757201e-05
0.99117965
0.42656115
0.2535319
0.9999807
0.002775321
0.0026133235
0.8976461
0.18007104
0.003732974
0.30187133
0.0034798554
0.9979553
0.87113607
0.99342185
0.6934084
0.0005038564
0.9346001
0.9616677
0.3297998
0.024410868
0.97129685
0.98585397
7.085039e-07
0.99973816
0.0009277597
0.9023036
0.018254962
0.99999845
0.0011545516
0.95631385
0.98546106
0.97128814
0.3887241
0.99997354
0.08133267
0.013928125
0.98568183
0.12180136
0.008464147
0.00020268121
0.99939144
0.0016974604
0.99075013
0.1102637
8.118853e-05
0.98683596
0.9979153
0.0043051094
0.92705935
0.99997735
0.10434326
0.99868125
0.9812657
0.88369006
0.000650748
0.9522154
0.006867137
0.004978583
0.99952316
0.9990107
0.011791937
0.00010178569
0.11383066
0.9991211
0.8281743
0.9971892
0.000976858
5.199957e-09
0.00436872
0.046536345
0.652833
0.00078303466
0.98743266
0.0013645971
0.99330634
0.9999769
0.9955876
0.03831116
0.108214244
0.9765485
0.96733093
0.0045353654
0.9999871
0.99997926
9.7469765e-06
0.6137479
0.029877735
0.99953115
0.0032779379
0.9952761
0.92472637
0.9999815
0.99512273
0.9992655
0.99547994
0.07690427
0.99918455
0.99991167
0.9992717
0.9450136
0.0031938048
0.009180698
0.9999746
0.9968815
0.998382
0.058723513
0.999052
0.0015565153
0.036099173
0.98951226
0.99991226
0.16874938
0.99994254
0.0013849027
0.9986344
0.99980897
0.17000158
0.0008248802
0.0012260742
0.60658646
0.018928496
0.9986656
0.009152884
0.9999528
0.09326559
0.9987446
0.7465282
0.9999963
0.0016190691
0.9988329
0.99999166
3.874537e-05
0.99967086
0.013074144
0.99862325
0.9984664
0.9883825
0.2620631
0.9664405
0.9665726
0.03465784
0.2251289
0.010357389
0.0038757224
0.0010299202
0.18268661
0.9960824
0.9999677
0.8308963
9.126644e-06
0.0066189067
0.0151365055
0.8876203
5.626067e-05
0.98118365
0.9721696
0.97956616
0.99483395
3.985404e-08
0.0021452326
9.3203154e-05
3.9932365e-05
0.57753366
0.8194718
0.925936
0.9153979
0.99741805
0.6885016
0.00026179914
1.0
0.012119262
0.7826814
0.98964614
3.5491106e-05
0.65262026
0.004514863
0.88910323
0.99921143
0.0069723837
0.0029897303
0.99999404
7.3796687e-06
0.9797053
0.96518373
0.35380316
0.9735078
0.0024183232
0.637166
0.0043940484
0.0009210386
2.2767601e-05
0.9999168
0.99959284
0.11633529
1.3585054e-05
0.9857605
0.012369318
0.94672614
3.228992e-05
0.03670698
0.9983271
0.12080099
3.515104e-05
0.92846185
0.0008267133
0.99973124
0.9912423
0.99527186
0.057820752
0.82434994
7.574856e-06
0.99514586
0.9999794
0.99820757
0.14137423
0.0024678693
0.8367251
0.99670935
0.9734297
1.5956997e-05
0.0011090598
0.99997604
0.0015826932
0.9990325
0.99975425
0.16936861
0.0123360185
0.30195126
0.0006106788
0.70209706
3.3300938e-05
0.9706482
0.9979722
0.0068487287
0.0063172495
0.03071467
0.19695376
0.99998736
0.5767381
0.9420219
0.99994457
0.06825381
0.94694316
0.18998156
0.9999026
0.9929986
0.987435
0.00012419681
0.9998754
0.9764875
0.99987185
0.92386365
0.33023816
0.0022956422
0.06771702
0.99995744
0.7131088
0.027828434
0.015104864
0.010791294
0.0010725438
0.00054087053
0.5529453
0.9454222
0.90797573
3.492956e-10
0.10175614
0.99994683
0.9940076
4.046718e-05
0.99899775
0.99887663
0.07001064
0.0013831747
0.9847365
4.131914e-06
0.99987006
0.0018673108
0.0024467409
0.99995196
0.35799068
0.03927228
0.4499239
0.99869627
0.94242036
6.6007626e-05
0.0034517616
9.373241e-05
0.99515307
0.00023690685
0.027198665
0.9999887
0.9996123
0.016635599
0.0036019715
0.003827246
0.24761848
0.99998045
0.9998834
0.028031452
0.00070879847
0.0387319
4.6775835e-07
0.0009713527
0.005939169
0.003920423
0.0005706787
0.95776653
0.27304184
0.00090202887
0.9783971
0.9579114
0.42686906
1.2144978e-05
4.552359e-05
0.99966395
7.755674e-05
0.042359635
0.9980394
0.20427501
0.9748104
0.007352989
0.0141164
0.0022055139
0.023269469
0.06635579
0.91670763
1.8950168e-06
0.0076377485
0.011961571
0.0006367129
0.49677017
0.99973553
0.88591594
0.9796449
0.9999658
0.5480951
0.99802256
0.014069606
0.9664658
0.052350994
0.007882894
0.6608269
0.038005564
4.5771892e-05
0.894584
0.9918874
0.7979754
0.9999448
0.96867394
0.6715855
0.006014276
0.9999716
0.11757279
0.511563
0.9999931
0.999987
0.7069336
0.9993061
0.99867094
0.20821428
0.017447192
0.00466846
0.006623338
0.0005329687
0.055163886
0.023021493
0.94075596
2.1787553e-05
0.017672438
0.67448056
0.95859367
0.13054308
0.026556667
0.0049698935
0.9650675
0.88679266
5.641056e-09
0.97160846
0.11666757
0.73521936
0.2314532
0.009838455
0.96043223
0.0068483553
0.45811146
0.32587665
0.052739408
0.027278213
2.2336778e-06
1.9439728e-06
0.006962948
0.51960206
0.99999833
0.9628492
0.913332
0.0015266677
0.013030643
0.59295785
0.006371236
0.99997187
0.99985754
0.99868613
6.461136e-05
0.0008566806
0.16714132
7.914989e-05
0.99591905
0.0006032944
0.9995592
0.026656961
4.166843e-06
0.16774604
0.999488
0.1810747
0.9178243
0.02186623
2.472656e-05
0.9498558
0.3237068
0.515291
0.99990284
0.9908131
0.77749425
0.11155434
0.85477877
0.80307966
0.0033010053
0.3856074
0.22929077
0.05384758
0.057074863
0.00012797376
0.00028107897
0.99917966
4.621876e-05
0.9931958
0.9999833
0.9784169
0.098325364
0.00024028453
0.012276739
0.9646252
0.00014567826
0.01714139
0.006617377
0.40271902
0.9869025
0.0287789
0.99688953
0.6511033
0.88520855
0.017718539
0.9983473
0.20825711
0.00014182484
0.0011351899
0.014941099
0.00043387918
0.011432482
0.9725417
0.9480142
0.004074669
0.91609484
0.0050646816
0.9673911
0.9998884
0.48087862
0.04082196
0.9999833
0.9981451
0.0012563644
0.99869174
1.94277e-06
0.010139166
0.10125533
0.99705374
0.009048951
0.9657705
0.9999969
0.09655291
0.61300385
0.54169816
0.9999497
0.96307117
0.055856377
0.9999927
0.99972826
4.0584216e-09
0.06242011
0.017211253
0.9999968
4.0500654e-05
0.0060684877
0.0010569667
0.98069674
0.8660543
0.0010583728
2.9218074e-06
0.9995714
0.07449912
0.0004666494
0.99184316
0.99525946
0.24453458
0.002669496
0.72138023
0.06399312
7.447402e-05
0.9998324
7.902334e-05
0.19031471
0.9942689
0.9984145
0.9712506
0.9998184
0.15508533
0.0019620871
0.11186763
0.99783415
0.45017773
0.99872833
0.9893022
0.05821823
0.9968354
0.9998332
0.9995964
0.67883736
0.9940791
0.27686578
0.005927781
0.9956852
4.7467463e-05
0.06433798
0.99703157
0.019275105
0.9345279
0.9332314
0.15146269
0.10364129
0.0032518192
0.7473193
0.95143324
0.98901075
4.622026e-05
0.0033106473
0.23249596
0.045821264
0.00046033532
0.97083145
0.869611
0.9830683
0.03777689
9.741146e-07
1.0
0.35640568
0.042124163
0.061652604
0.07213081
0.0022590174
0.93897927
0.21109617
0.008022134
0.048440587
0.9999988
0.9990706
0.99091655
0.86539316
0.9998416
0.9940891
0.89817125
0.999728
0.001617982
0.3713161
0.4797204
0.12099636
0.49775752
0.9962148
0.99284476
0.99815327
0.9999075
0.038043704
0.99999523
0.20393217
0.99650913
4.7278627e-05
1.2178929e-06
0.0006310913
0.98524785
0.99850935
0.00048170757
0.3058826
0.86173683
0.9999037
0.9371072
0.23225836
4.751453e-06
0.85312635
0.023545012
0.023591748
0.03275591
0.9694819
0.00018788071
0.005876334
0.011527252
0.0020011351
0.232352
0.14600301
1.1618001e-06
0.00018781263
0.0062659075
0.04447522
0.99223435
0.057163667
0.19418965
0.99281013
0.99946004
0.99714077
0.9793736
0.00046906678
0.001866218
0.017011356
0.00052696886
0.99843067
0.8292455
0.025229897
0.01891286
0.7901897
0.04080789
0.9839721
0.9965448
0.999731
0.9991627
0.9605551
0.58743995
0.99895966
0.9258421
0.8792636
0.9646056
0.00065398915
0.9220646
0.003669023
0.006460909
0.030674567
5.785333e-05
0.9196601
0.0061485525
0.00021813806
0.93715066
0.011953099
0.99836415
0.99880576
0.21516027
0.75610524
0.0056421384
0.9970482
0.0035790168
0.9952179
0.00064745534
0.997818
0.9993926
0.9916107
0.77609456
0.0067045265
0.09469213
0.017721003
0.9999434
0.0001114174
0.00094302295
0.7695808
0.051960424
0.000113028334
0.00033510468
0.9992499
0.93037105
0.9991642
1.828299e-05
0.9944891
0.008429681
0.008418596
0.9997112
0.5423172
1.1676957e-05
4.8441043e-06
0.9880574
0.030982008
0.9998728
0.9911844
0.9928197
6.800016e-07
0.94168615
0.43581378
0.023048418
0.9045178
0.024163496
0.58162487
0.00021125132
0.0093639195
0.00041002157
0.014218302
0.45839512
0.9504262
0.00041173695
0.059479218
0.05877999
0.000100922436
0.0020858333
0.55591446
0.2497452
0.9999993
0.9841564
0.664536
0.043998662
0.9996152
0.99452704
0.70139843
0.9998223
0.00053520274
0.9999993
0.9997868
0.99337876
0.1778575
0.99834824
0.99173474
0.25467417
0.1145329
0.2181905
0.998941
0.99924445
0.028701136
0.0065182056
0.99866366
0.9999424
0.0026838277
9.727114e-06
0.021066906
0.00039052605
0.99631137
0.99313086
5.830411e-05
0.996582
0.7561967
0.9933102
0.005166167
0.99976295
0.00042764674
0.9999832
0.98317194
0.9567884
0.9996767
0.0037680012
0.00072716246
0.00034893077
0.2544738
0.07519739
0.99700254
1.7631322e-06
0.52694446
0.79461646
0.99657565
0.00054284144
1.4138329e-05
0.0018323959
0.00029594667
0.9894147
0.96606386
0.0045967386
0.49721974
0.99979407
0.0004283836
0.0002230122
3.539518e-05
2.3901846e-06
0.9946591
0.99984026
0.30227038
0.96895796
0.99874425
0.0030775052
0.9995012
0.9067288
0.9997055
0.999191
0.99997544
9.07786e-06
0.9999449
0.99656194
0.9770981
0.864598
0.9992086
0.029468596
0.99992836
0.30607557
7.1731345e-05
7.6896824e-05
0.10698046
0.0023952697
0.18026169
0.9770274
0.04488821
0.1054414
0.95387906
0.0460962
0.00062396255
0.99676067
8.027151e-05
0.9999981
0.9988933
0.999899
0.9971813
0.007295567
0.04334943
0.009209069
0.76757663
0.00015127774
0.10559474
0.27449486
0.73404914
0.120714486
0.9555063
0.8269846
0.9999403
0.13108048
0.049609322
0.0038189976
0.015473465
0.0074773105
0.03977767
0.32997203
0.99898344
0.02867595
0.005594417
0.9999502
0.93104756
0.97725964
0.56843114
0.0005897597
0.071079716
0.08556577
0.9722553
0.32358217
0.8600388
6.090184e-05
0.057140626
0.017482195
1.3738118e-06
0.99278027
0.87470967
0.93217486
2.4919348e-06
0.10570205
0.41676795
0.020899916
0.94869834
0.99793965
0.5315658
0.99984264
0.00040804295
0.6019177
0.025178723
0.0030389214
0.05239636
0.92584985
0.96365374
0.045819197
0.9571132
0.95189285
0.99991405
0.9746937
0.0048382203
0.9863051
0.9844073
0.18562701
0.9264501
0.1289525
0.035349134
0.012348469
0.99768925
0.9776422
0.52608496
0.0031013845
0.00022570259
0.00085148687
0.9927308
0.9870596
0.051440474
0.8628713
0.12386609
0.99993885
0.28259328
0.060790587
0.0051660053
0.00078500697
0.14003326
0.9991272
0.99996436
0.6228245
0.98665214
0.000622663
0.90831804
0.051883325
0.16799873
0.0009477333
0.6107152
1.08083114e-07
0.9888538
0.9721646
0.0014131726
0.99032015
0.4589164
0.0032532997
0.0031664455
0.98200834
0.131241
0.8304142
0.06911443
0.009951967
0.8848999
0.84542614
0.97970164
0.78304243
0.019611262
0.9979863
0.8802712
0.031103356
0.0008256241
0.9960289
0.98374903
0.97664726
0.12830608
0.99887615
0.9996519
0.42243043
0.9796912
0.000634754
0.999014
0.99338657
0.99690044
0.12381794
0.0009812335
3.8005246e-06
0.9978259
0.99180895
0.0009315446
0.0668816
0.008805951
0.9996264
0.09144143
0.9998436
0.0070364163
0.9994603
7.2050366e-06
0.9997601
0.004981329
0.9958818
0.45089892
0.025939267
0.75033104
0.99998176
0.0006000392
0.5804815
0.0009550947
0.79506284
0.99961996
0.6114787
0.000864012
0.9914419
0.00014246744
0.99331325
0.0018754044
1.9094934e-06
0.5274772
0.7365255
0.99999917
0.76746595
0.035245225
0.016676648
0.9999894
0.11909315
0.8079276
3.524646e-06
0.00085074315
0.9999647
0.4571733
1.9354065e-05
0.07093546
0.005325197
8.8713874e-05
0.011179443
0.004971955
0.9993699
0.9152216
0.9978199
0.004765291
0.0017799058
0.875641
0.9996463
0.47528455
0.99467057
0.0006550218
0.9943749
0.2207686
0.99635136
0.99813
0.14407934
0.0067628166
0.001210122
0.00030067368
0.91482955
0.008541318
0.012570664
0.953118
0.0033114436
0.99999404
1.7857882e-09
0.9991967
0.99793375
0.99721754
0.8272249
0.008999375
0.02496205
0.0024267419
0.15819381
4.0004594e-05
0.99998
0.99944025
0.9999994
0.9994733
0.12679632
1.0
1.7436252e-05
0.40639794
0.99968946
0.9881471
0.99942625
0.00046453287
0.024488697
0.98688877
0.9999131
0.19667003
0.044778608
0.9995796
0.9999964
0.9879633
0.99942374
0.9992393
0.95266783
0.6739491
0.00023632075
0.9840485
0.9968863
0.9987079
0.9720247
0.0028342002
0.3868501
0.99937975
0.00045025075
0.99992526
0.9975842
0.9786404
0.00026073403
0.99996257
0.0002243526
0.0005655886
0.75983477
0.9254541
0.0005633133
0.016027484
0.7786848
6.1404e-05
0.93180704
0.34496835
0.29188928
0.99996984
0.030597247
0.999843
0.0009995641
0.020044968
0.9999968
0.9989875
0.98434955
3.2437205e-05
0.0075176647
5.2563326e-05
0.7876793
0.9996666
0.9994844
0.9999672
6.342448e-07
0.99298453
0.0043586865
0.12767687
0.10619045
0.99821293
5.2093983e-06
0.99795365
0.005952392
0.00019847354
0.0002428454
0.056690857
0.9980531
0.97534424
0.17310354
0.9975879
0.97225046
1.2493238e-06
0.99850225
0.02424615
0.3324304
0.8754254
0.28470388
0.99930716
0.00077115727
0.9978927
0.6637378
0.99802846
0.95955926
0.0017537953
0.9715471
2.8121429e-05
0.99979717
0.9991109
0.9933109
0.972306
0.99994254
0.99997926
1.17802165e-05
0.99964225
0.0001777287
0.9975177
0.0001579347
1.2080811e-05
4.6635112e-05
0.00019370532
1.9092713e-06
0.009518834
0.9996209
0.99975795
0.00068916613
0.9981231
0.9999372
0.0021231903
0.9828887
0.9385979
0.9939924
0.0061397473
0.12853786
0.019107064
0.71216184
0.018068383
0.0858182
0.9977343
0.32714134
0.0007478063
0.59856594
0.0028951354
0.80812854
0.011492987
0.94908494
0.81694335
0.99967945
0.43678227
0.0020571952
0.042389944
0.00020017869
0.005671769
3.0655838e-06
0.0033611387
0.99992275
6.669038e-05
0.99878365
0.73901033
0.99995005
2.4409635e-05
0.9909376
0.9938114
0.7346368
0.99172556
0.99920267
0.985769
0.99807775
0.78502125
0.99991703
0.008232355
0.00020630774
0.17396058
0.9905827
0.019435309
0.016612876
0.11615695
0.9699314
0.1384264
0.9730455
0.9997222
0.0005243242
0.00032047083
0.999699
0.14044304
0.9975617
0.9997819
0.0058180895
0.76143503
4.883165e-05
0.11279662
0.036810108
0.5374423
0.0016115168
0.99717486
0.98971796
0.97669035
0.9776808
0.86009127
0.019856215
0.9974583
0.47065815
0.028973987
0.9644893
0.9994024
0.09401648
0.94599867
0.00015970759
0.9994429
0.0011494511
0.9999862
0.99748176
0.99989736
0.88077885
0.0002753907
0.99256915
0.42868012
0.0026544377
0.00010226269
0.99232095
0.99997556
0.3757798
0.021846931
0.0006592558
0.9434659
6.431335e-05
0.48888102
0.9999819
0.01003621
5.0640614e-05
0.99805415
0.03759852
0.4852315
0.18348934
0.9990054
0.9997446
0.9993648
0.008222625
0.74165463
0.45644742
0.14924505
0.0006478479
0.9877936
0.9993325
0.0003905212
0.99961567
0.9903052
0.99487877
3.805038e-05
0.9986935
0.009548719
0.99082315
0.9977743
0.84283334
0.057720277
0.9988201
0.99998116
0.9994916
0.108378604
0.96482486
0.0033534726
0.9996573
0.0001265746
0.39879355
0.0012847651
0.94592875
4.742295e-06
0.99986744
0.05857276
0.9997466
0.9421858
0.02744999
0.103129655
0.9248593
0.88640106
0.64794725
0.9961212
0.019151714
0.99994147
0.010392281
0.9965791
0.5683671
4.087372e-06
0.9996259
0.27199712
0.9944312
0.0024220482
0.9995728
1.2358512e-05
0.000549934
0.98732996
0.0018355278
0.9999511
0.99866307
8.186208e-07
3.4871463e-09
0.99977046
0.9874993
0.9838282
4.3322303e-05
0.04559591
0.70001584
0.99997807
0.75628024
0.5727112
0.015626227
0.041031495
0.9510865
0.99752754
0.9970049
0.9743594
0.15078944
2.2139902e-06
0.00038162174
0.41597623
0.2660304
0.93340546
0.99973637
0.00597812
0.98974824
0.9994242
0.99991417
7.4179197e-06
0.20862722
0.07386699
0.5620113
0.95089066
0.9884969
0.9847008
0.64109915
0.0004721624
0.020520147
0.99974316
0.76629525
0.28003895
0.99997365
0.9927555
0.019588063
0.0110263545
0.039097965
0.0054146238
0.99800926
0.009182069
0.005445751
0.2914229
8.237493e-06
0.9784137
0.047470655
0.00052297325
0.9569548
0.44357148
0.99922335
0.38146454
3.485896e-06
0.89866334
0.70777935
0.9999981
0.018823564
0.0018385531
0.99872464
1.04850095e-07
0.97865295
0.1699493
0.97016
0.62505347
0.9665913
0.62643236
0.0026297898
1.5706141e-06
0.0015782192
0.95660925
0.00014544217
0.9999982
0.033200257
0.00065386854
0.99999976
0.9856229
6.3105614e-07
0.0002938033
0.63022906
0.9881257
0.6217972
0.0060273996
0.03539037
0.99999714
0.9994085
0.00953541
0.04639333
0.7986832
0.036511358
0.6728317
0.00091474096
0.9986364
0.8291792
0.99913365
4.237665e-05
0.039285377
0.9999876
0.00011104108
0.9993137
0.9862221
0.18277231
0.19338278
0.0012314697
0.9993338
0.9999471
0.9897507
0.99942327
0.0011304903
1.9730403e-05
0.99998534
0.9999994
0.15284088
0.9896143
0.99985325
0.43826878
0.06663346
0.0010374197
0.031565636
0.99877995
0.9489163
0.7516632
0.02211182
0.0008909565
0.0059388336
0.9913749
0.95425755
0.9999918
0.0011101427
0.99988246
0.9985875
0.00011562271
0.9908847
0.6245737
0.028712532
0.061006404
4.530471e-05
0.004722254
0.007842825
0.99512357
0.9963076
0.0004127092
0.80568683
0.9994779
0.70497245
2.1433135e-07
0.45298752
5.7195957e-06
0.0102728335
0.7808675
0.9999558
0.9950837
0.99990606
0.99746454
0.0012471338
0.009035197
0.007613129
0.9999771
0.26778606
0.40708807
0.9999981
0.99966776
0.00012000183
0.0038489432
0.99958926
0.16547766
0.12789159
0.99708396
0.99993587
0.11843143
0.9988695
0.0004706492
0.6187868
0.8745972
4.766355e-05
0.28744563
0.07216538
0.4935561
0.08766184
0.9999566
0.029563865
0.37633422
0.9977186
0.1689214
0.094211675
0.35225353
0.25857973
0.86033213
0.9986553
0.39883322
0.99947804
0.21813585
0.017887339
0.9869719
0.29296452
8.893277e-06
0.038014535
0.9588757
0.0094620595
0.00087856216
0.00067155395
0.9214025
0.99981016
0.9998851
0.022997407
0.0019743876
0.99508744
0.016424412
0.26429576
0.07570472
0.9999753
0.9998312
0.0031843768
0.9781847
0.004491245
0.9254511
0.98020166
0.99982846
0.06381276
0.00016245285
0.0044929506
0.99970275
0.999998
0.99966455
0.92500544
0.9999969
0.9999969
0.4729543
2.2180925e-06
4.6167523e-07
0.9958758
0.017406711
0.0040440517
0.78639895
0.99991024
0.96464235
0.91372293
0.00714379
0.0055321916
0.9987601
0.7160705
0.1807407
0.97434574
0.00016797612
0.00010896837
0.021497516
0.8544922
0.999566
0.9980317
0.0040554414
0.0071804537
0.027279222
0.004779752
0.98113763
0.97659135
0.103516564
0.90603787
0.8314288
2.8128592e-05
2.6273772e-05
0.99966836
0.0035902916
0.07852963
0.9414216
0.31424177
0.482833
0.9407317
0.106609754
0.47600433
0.012841472
4.4902913e-07
0.9778261
0.045593143
0.002090547
0.99746037
0.00033251103
0.009279176
0.9999976
0.0044650803
0.9999856
5.2790497e-06
0.99991894
0.9559185
0.9309498
0.47037557
0.9521622
0.52118313
9.7266005e-05
0.22799931
0.001092168
0.6890923
0.9551981
0.013490418
0.91607684
0.98056525
0.9968823
0.9961934
0.9991009
0.0022378752
0.020809434
0.98792636
0.0056204633
1.7160461e-06
0.02909231
0.99916244
0.9963496
0.9995073
0.9979455
0.99984574
0.24840233
0.71753293
0.0029549848
0.9993229
0.004905955
0.9985019
0.926893
0.4166798
0.99988425
4.1139108e-07
0.00089640584
0.014094345
0.9998369
0.67613816
1.2306316e-05
3.836768e-05
0.9920333
0.11779307
2.2943389e-06
0.00010528801
2.5877745e-05
0.0037672226
6.897076e-07
0.14033307
0.11261727
0.0179721
0.0011440505
0.00046339465
1.16793515e-07
0.29187676
0.2684197
0.00027677996
0.2973786
0.99999976
1.6365933e-05
0.00014744667
0.0059894677
0.97161454
0.998917
0.92358476
6.2440263e-06
0.0069051553
0.22795784
0.050319213
0.9995467
0.97246796
0.9995921
0.99981326
0.9882338
0.82521486
0.9997707
0.99996793
0.0008919273
0.99403536
0.006127995
0.9738592
0.99937844
0.66506076
0.99767524
0.99521327
6.6914276e-06
0.9996263
0.75134444
0.00597568
5.489796e-07
0.41566694
0.24023537
0.8358807
0.9629941
0.99418914
0.9989617
0.010256179
0.00011001464
0.18667032
0.9999757
0.00041744608
0.55530834
0.018574866
0.0005892911
9.72974e-06
0.062462874
0.16216558
0.9807264
0.99990916
0.9157807
0.0036427907
0.00748527
0.9648018
0.99999404
0.45513666
0.10063211
1.9614347e-06
0.050936483
0.0042162887
0.9999392
0.99712235
0.001913069
0.07496375
0.999895
0.993866
0.9970108
0.998909
0.0009545229
0.9290797
0.99936837
0.99899906
0.86051196
0.9639719
0.9925694
0.99898154
4.8289335e-06
0.21949874
0.07001904
0.0016460989
0.9803711
0.9848626
0.0012980718
0.29667118
0.009785318
0.99616265
0.0044824737
0.9993685
0.99984217
2.4221554e-05
0.99094254
5.745027e-07
0.98893154
0.99910235
0.00032173272
0.009634147
0.0003807574
1.5465237e-09
0.81903434
0.9985611
0.9968721
0.99953663
0.9994562
0.014963326
0.11404966
0.003365795
0.87391454
0.00080688443
0.0056461906
0.9178671
0.9976973
0.95559627
0.0051500592
0.94467425
0.045677315
0.9935603
0.018787041
0.8271213
0.027454173
0.987751
0.00064838375
0.74563843
0.018409664
0.9976476
6.880383e-06
0.060163118
0.999997
0.02034668
0.9997737
0.0010279494
1.07710015e-07
0.05849245
0.99998415
0.9805967
0.9985228
0.0014785229
0.9995808
0.00465671
0.9890153
0.8029635
0.020469673
0.007673982
0.0030278347
0.1822448
0.99016106
0.0020332208
0.0025588328
3.5330258e-06
0.99999976
0.007616484
0.99442506
0.99805766
0.9980379
0.993222
0.9898247
0.35947785
0.99981457
0.97825783
0.9984316
0.06244319
0.99902356
0.96837425
5.4779157e-06
0.9946643
0.059251767
0.77996004
0.94664985
0.08720942
0.99999297
0.0718046
0.9998109
0.9791175
0.04223267
0.015159506
0.89869726
0.032270793
0.12827003
0.99921894
0.092695
0.000121139805
7.346246e-05
4.3338292e-05
0.99995065
0.42970583
0.99995124
0.0015393625
0.009257773
0.93632096
9.510109e-06
0.99919313
0.00039594417
0.998928
0.016778944
0.015545267
0.017710606
0.0048838155
0.07740759
0.88473326
0.69665194
0.0014111458
0.0020538617
0.9978073
0.9999999
0.015829457
0.0017746709
0.05639054
0.9940346
0.99999964
0.95473564
0.99330586
3.5121684e-05
0.821272
0.9389054
0.9994809
0.6371621
0.016890911
0.0077009145
0.16455254
0.0061028213
0.9998908
0.87942547
0.114206895
0.9996989
0.021294132
0.9975133
0.004197603
0.0055397283
0.97475374
1.6511665e-05
0.0515717
0.99933344
0.034980677
0.0001630304
0.9284312
0.99879766
0.0001594863
0.9999857
2.431517e-05
0.99891806
0.062694654
0.9597949
0.71385306
0.7719625
0.26346305
0.99821067
0.62018615
0.00060585135
2.4761337e-06
0.5190205
0.0063678925
0.613108
0.00075001473
0.99724704
0.115282476
0.0003033448
0.24671885
0.99666816
0.0051902966
0.14873067
0.0002536403
0.0034843946
2.6935243e-06
0.00032736265
0.02452079
0.9999995
0.99947494
0.0017232298
0.99697495
1.4019319e-05
0.99990165
0.0010356377
0.9999521
2.0231878e-06
0.01685535
0.10472313
0.004667213
0.64384204
0.5133929
0.906111
0.03755427
0.9996213
0.017016005
0.0043824306
0.93244064
0.95720655
0.013554834
0.0006334776
0.9999982
0.040335342
0.008514076
0.99793375
0.0032528266
0.98850703
0.9090332
0.19132966
0.0040007513
0.6069657
0.66217625
0.04394603
0.088927515
0.87025094
1.4138691e-06
0.25386953
0.9999776
1.394197e-06
0.99979824
0.99771595
0.99769294
0.0001820235
7.149956e-05
0.0026855997
0.99982613
0.9994935
0.048807926
7.199683e-05
0.32871586
0.99831784
0.99996924
0.9983376
8.3002495e-05
0.015537446
0.9999745
0.5878733
0.0002813149
0.361037
7.9440106e-05
0.9999825
0.9838563
0.9997781
0.9999176
0.9865193
7.5438824e-05
0.70422745
1.0462279e-05
7.603422e-05
0.25755012
0.99999785
0.9632748
0.15865569
0.08154842
0.992861
0.97988427
0.7504437
0.82302636
0.9579699
0.97736347
0.9991326
0.0014931657
0.99853325
0.9999949
0.99999714
0.0004750476
0.99997985
3.9132072e-05
0.9912006
0.9999763
0.99720395
0.00053589244
0.99996424
0.97475636
0.99998903
0.99993277
0.0027970022
0.9919733
0.0006546963
0.00012988732
0.055774778
0.72355926
0.28837043
0.99983966
4.380181e-06
0.9999831
0.22187981
0.0014321764
0.9976584
1.6071886e-07
0.9232457
0.011617138
0.7438992
0.99964654
0.644518
0.051091276
0.5751888
0.99980813
0.00026498133
4.783417e-05
0.90557
0.98787117
0.003598547
0.0033826884
0.60763425
0.03647465
0.95667505
9.443829e-05
0.00023648393
0.98943603
0.010293969
0.9876183
0.08877897
0.3173238
0.99507314
4.8706454e-05
0.026241992
0.8375472
0.0009066512
0.042365137
0.9251709
0.08982019
0.6028749
0.9994254
0.49073687
0.03618004
0.006162929
0.99996305
0.031606622
0.16058569
0.99993277
0.049841262
0.052742895
0.22390187
0.96919215
0.003074908
0.001548708
0.96203
0.00082380633
0.81757426
0.31852895
0.02039858
0.99999774
0.40121385
0.032254968
0.31937784
0.9999865
0.15966888
0.8657888
4.0391962e-05
0.9990984
0.00025760772
0.1358505
0.52455866
0.99997437
0.2780572
0.5572543
0.002284122
0.0042891162
0.99757737
0.0051705386
0.03617341
0.9995474
0.9999701
0.999977
0.99803954
0.19740792
0.026010048
0.98127514
0.97067744
0.38314882
0.20564786
0.9999838
0.0009981329
0.0001041001
0.0051051434
0.999141
0.00023548515
0.004466134
0.97672963
0.006497393
0.9832133
0.7316411
0.0006215374
0.00011601666
0.99979454
0.9724265
0.0031133832
0.9999982
0.9207804
0.91966695
0.030681886
0.019628583
0.9997706
0.00033537505
0.99024594
0.008805564
0.00016655111
0.38568208
0.0042900895
0.9965976
0.9948639
0.12585184
0.9997582
0.05483033
0.0002641459
0.99998724
0.94643027
0.97245705
0.98115426
0.9999989
0.9999968
0.00030960026
0.046701204
0.9962877
0.006288257
0.15060359
1.39704e-06
0.08688535
0.010078615
0.99716824
0.09139644
0.14674793
0.03343685
1.0
0.27937835
0.8242147
0.99989724
0.019091755
0.35650906
3.9104503e-05
0.9875201
0.9980969
0.9999831
0.031336326
0.0011950431
3.689064e-05
0.99977773
0.018169427
2.5688973e-06
0.00048554214
0.5171532
0.07016566
0.00018415556
0.9897385
0.99683195
0.09605886
0.0010331764
0.08729509
0.0008188367
5.97623e-07
0.15048693
0.99999976
0.9994605
0.9978567
0.00062815566
0.0041923006
7.0716917e-09
0.0007941449
0.073304884
0.9999869
0.9906798
0.00030921033
0.55276895
0.89284486
0.01378174
0.99223775
0.009526714
0.99142224
0.999676
0.9998596
0.0009345044
0.9665403
0.9995807
0.00024084648
0.9996803
0.9959693
0.99996996
0.9908695
0.019799009
4.6538706e-05
0.20601399
0.9993594
0.996309
0.99961615
0.019075839
0.99840003
0.03902774
0.38269874
0.08846562
0.04992239
0.0004396197
0.9950224
0.99996483
0.9999429
